Date,Open,High,Low,Close,Volume,Adj Close
2016-01-13,0.032,0.032,0.03,0.03,100000,0.03
2016-01-12,0.03,0.03,0.03,0.03,000,0.03
2016-01-11,0.03,0.03,0.03,0.03,000,0.03
2016-01-08,0.03,0.03,0.03,0.03,000,0.03
2016-01-07,0.031,0.031,0.03,0.03,200000,0.03
2016-01-06,0.032,0.032,0.031,0.031,250000,0.031
2016-01-05,0.03,0.03,0.03,0.03,30000,0.03
2016-01-04,0.03,0.03,0.03,0.03,000,0.03
2016-01-01,0.03,0.03,0.03,0.03,000,0.03
2015-12-31,0.03,0.03,0.03,0.03,000,0.03
2015-12-30,0.031,0.031,0.03,0.03,100000,0.03
2015-12-29,0.031,0.031,0.031,0.031,000,0.031
2015-12-28,0.031,0.031,0.031,0.031,000,0.031
2015-12-25,0.031,0.031,0.031,0.031,000,0.031
2015-12-24,0.029,0.031,0.029,0.031,355000,0.031
2015-12-23,0.03,0.03,0.029,0.029,534700,0.029
2015-12-22,0.03,0.03,0.029,0.029,109800,0.029
2015-12-21,0.029,0.029,0.029,0.029,000,0.029
2015-12-18,0.029,0.029,0.029,0.029,000,0.029
2015-12-17,0.029,0.029,0.029,0.029,000,0.029
2015-12-16,0.029,0.029,0.029,0.029,8000,0.029
2015-12-15,0.029,0.029,0.029,0.029,000,0.029
2015-12-14,0.029,0.029,0.029,0.029,400000,0.029
2015-12-11,0.032,0.032,0.032,0.032,000,0.032
2015-12-10,0.032,0.032,0.032,0.032,000,0.032
2015-12-09,0.032,0.032,0.032,0.032,000,0.032
2015-12-08,0.032,0.032,0.032,0.032,000,0.032
2015-12-07,0.032,0.032,0.032,0.032,000,0.032
2015-12-04,0.032,0.032,0.032,0.032,000,0.032
2015-12-03,0.032,0.032,0.032,0.032,000,0.032
2015-12-02,0.032,0.032,0.032,0.032,000,0.032
2015-12-01,0.032,0.032,0.032,0.032,000,0.032
2015-11-30,0.035,0.035,0.032,0.032,347300,0.032
2015-11-27,0.035,0.035,0.035,0.035,400000,0.035
2015-11-26,0.038,0.038,0.035,0.035,230000,0.035
2015-11-25,0.038,0.038,0.038,0.038,000,0.038
2015-11-24,0.038,0.038,0.038,0.038,000,0.038
2015-11-23,0.038,0.038,0.038,0.038,5500,0.038
2015-11-20,0.038,0.038,0.038,0.038,000,0.038
2015-11-19,0.038,0.038,0.038,0.038,000,0.038
2015-11-18,0.038,0.038,0.038,0.038,000,0.038
2015-11-17,0.038,0.038,0.038,0.038,000,0.038
2015-11-16,0.038,0.038,0.038,0.038,000,0.038
2015-11-13,0.038,0.038,0.038,0.038,000,0.038
2015-11-12,0.038,0.038,0.038,0.038,000,0.038
2015-11-11,0.038,0.038,0.038,0.038,000,0.038
2015-11-10,0.04,0.04,0.038,0.038,747000,0.038
2015-11-09,0.041,0.041,0.041,0.041,100000,0.041
2015-11-06,0.044,0.044,0.044,0.044,200000,0.044
2015-11-05,0.044,0.044,0.044,0.044,000,0.044
2015-11-04,0.044,0.044,0.044,0.044,000,0.044
2015-11-03,0.046,0.046,0.043,0.044,350000,0.044
2015-11-02,0.043,0.043,0.043,0.043,000,0.043
2015-10-30,0.042,0.043,0.042,0.043,149000,0.043
2015-10-29,0.041,0.041,0.041,0.041,15000,0.041
2015-10-28,0.041,0.041,0.041,0.041,134900,0.041
2015-10-27,0.039,0.039,0.039,0.039,000,0.039
2015-10-26,0.039,0.039,0.039,0.039,45000,0.039
2015-10-23,0.04,0.044,0.039,0.039,511000,0.039
2015-10-22,0.04,0.04,0.04,0.04,300000,0.04
2015-10-21,0.042,0.042,0.042,0.042,000,0.042
2015-10-20,0.042,0.042,0.042,0.042,50000,0.042
2015-10-19,0.04,0.04,0.04,0.04,000,0.04
2015-10-16,0.04,0.04,0.04,0.04,000,0.04
2015-10-15,0.04,0.04,0.04,0.04,000,0.04
2015-10-14,0.04,0.04,0.04,0.04,220000,0.04
2015-10-13,0.041,0.041,0.041,0.041,45000,0.041
2015-10-12,0.045,0.045,0.04,0.043,460000,0.043
2015-10-09,0.05,0.05,0.05,0.05,000,0.05
2015-10-08,0.05,0.05,0.05,0.05,000,0.05
2015-10-07,0.042,0.05,0.04,0.05,329000,0.05
2015-10-06,0.055,0.055,0.055,0.055,000,0.055
2015-10-05,0.055,0.055,0.055,0.055,000,0.055
2015-10-02,0.055,0.055,0.055,0.055,000,0.055
2015-10-01,0.055,0.055,0.055,0.055,000,0.055
2015-09-30,0.055,0.055,0.055,0.055,000,0.055
2015-09-29,0.055,0.055,0.055,0.055,000,0.055
2015-09-28,0.055,0.055,0.055,0.055,000,0.055
2015-09-25,0.055,0.055,0.055,0.055,000,0.055
2015-09-24,0.055,0.055,0.055,0.055,000,0.055
2015-09-23,0.055,0.055,0.055,0.055,000,0.055
2015-09-22,0.055,0.055,0.055,0.055,000,0.055
2015-09-21,0.055,0.055,0.055,0.055,69800,0.055
2015-09-18,0.045,0.05,0.045,0.05,140400,0.05
2015-09-17,0.049,0.049,0.049,0.049,000,0.049
2015-09-16,0.049,0.049,0.049,0.049,000,0.049
2015-09-15,0.049,0.049,0.049,0.049,000,0.049
2015-09-14,0.049,0.049,0.049,0.049,250000,0.049
2015-09-11,0.045,0.045,0.045,0.045,000,0.045
2015-09-10,0.045,0.045,0.045,0.045,000,0.045
2015-09-09,0.045,0.045,0.045,0.045,100000,0.045
2015-09-08,0.05,0.05,0.05,0.05,4500,0.05
2015-09-07,0.05,0.05,0.05,0.05,000,0.05
2015-09-04,0.05,0.05,0.05,0.05,000,0.05
2015-09-03,0.046,0.05,0.046,0.05,306400,0.05
2015-09-02,0.05,0.05,0.05,0.05,30000,0.05
2015-09-01,0.05,0.05,0.05,0.05,000,0.05
2015-08-31,0.05,0.05,0.05,0.05,20000,0.05
2015-08-28,0.05,0.05,0.05,0.05,9800,0.05
2015-08-27,0.051,0.053,0.05,0.05,220700,0.05
2015-08-26,0.052,0.052,0.052,0.052,000,0.052
2015-08-25,0.053,0.055,0.052,0.052,384300,0.052
2015-08-24,0.053,0.053,0.052,0.052,900600,0.052
2015-08-20,0.052,0.052,0.052,0.052,000,0.052
2015-08-19,0.052,0.052,0.052,0.052,30000,0.052
2015-08-18,0.057,0.057,0.055,0.055,300000,0.055
2015-08-17,0.056,0.056,0.056,0.056,000,0.056
2015-08-14,0.056,0.056,0.056,0.056,000,0.056
2015-08-13,0.056,0.056,0.056,0.056,45000,0.056
2015-08-12,0.062,0.062,0.06,0.06,60000,0.06
2015-08-11,0.061,0.062,0.06,0.062,163000,0.062
2015-08-10,0.062,0.062,0.06,0.06,215900,0.06
2015-08-07,0.065,0.065,0.065,0.065,121300,0.065
2015-08-06,0.065,0.065,0.065,0.065,000,0.065
2015-08-05,0.065,0.065,0.065,0.065,000,0.065
2015-08-04,0.065,0.065,0.065,0.065,120000,0.065
2015-08-03,0.065,0.065,0.065,0.065,000,0.065
2015-07-31,0.065,0.065,0.065,0.065,000,0.065
2015-07-30,0.08,0.08,0.065,0.065,8900,0.065
2015-07-29,0.07,0.07,0.07,0.07,000,0.07
2015-07-28,0.07,0.07,0.07,0.07,342500,0.07
2015-07-27,0.07,0.07,0.07,0.07,000,0.07
2015-07-24,0.07,0.07,0.07,0.07,240000,0.07
2015-07-23,0.075,0.075,0.07,0.07,317200,0.07
2015-07-22,0.075,0.075,0.075,0.075,100000,0.075
2015-07-21,0.07,0.07,0.065,0.065,277000,0.065
2015-07-20,0.07,0.07,0.07,0.07,103100,0.07
2015-07-17,0.072,0.072,0.07,0.07,336900,0.07
2015-07-16,0.075,0.075,0.075,0.075,4500,0.075
2015-07-15,0.075,0.075,0.075,0.075,71400,0.075
2015-07-14,0.075,0.075,0.075,0.075,000,0.075
2015-07-13,0.075,0.075,0.075,0.075,2700,0.075
2015-07-10,0.075,0.075,0.075,0.075,17200,0.075
2015-07-09,0.075,0.075,0.075,0.075,000,0.075
2015-07-08,0.075,0.075,0.075,0.075,000,0.075
2015-07-07,0.075,0.075,0.075,0.075,1100,0.075
2015-07-06,0.075,0.075,0.075,0.075,900,0.075
2015-07-03,0.078,0.078,0.075,0.075,50700,0.075
2015-07-02,0.078,0.078,0.078,0.078,50000,0.078
2015-07-01,0.075,0.075,0.075,0.075,3600,0.075
2015-06-30,0.08,0.08,0.08,0.08,000,0.08
2015-06-29,0.08,0.08,0.08,0.08,11900,0.08
2015-06-26,0.08,0.085,0.08,0.08,128000,0.08
2015-06-25,0.085,0.085,0.085,0.085,60000,0.085
2015-06-24,0.08,0.08,0.08,0.08,000,0.08
2015-06-23,0.094,0.094,0.08,0.08,241900,0.08
2015-06-22,0.094,0.095,0.094,0.095,43800,0.095
2015-06-19,0.095,0.095,0.095,0.095,000,0.095
2015-06-18,0.095,0.095,0.095,0.095,35800,0.095
2015-06-17,0.095,0.095,0.095,0.095,000,0.095
2015-06-16,0.088,0.095,0.088,0.095,239500,0.095
2015-06-15,0.09,0.09,0.09,0.09,30000,0.09
2015-06-12,0.08,0.08,0.08,0.08,40000,0.08
2015-06-11,0.064,0.064,0.064,0.064,000,0.064
2015-06-10,0.064,0.064,0.064,0.064,000,0.064
2015-06-09,0.064,0.064,0.064,0.064,000,0.064
2015-06-08,0.064,0.064,0.064,0.064,000,0.064
2015-06-05,0.064,0.064,0.064,0.064,000,0.064
2015-06-04,0.065,0.065,0.064,0.064,242000,0.064
2015-06-03,0.08,0.08,0.08,0.08,000,0.08
2015-06-02,0.08,0.08,0.08,0.08,000,0.08
2015-06-01,0.08,0.08,0.08,0.08,000,0.08
2015-05-29,0.08,0.08,0.08,0.08,5000,0.08
2015-05-28,0.068,0.068,0.066,0.066,250000,0.066
2015-05-27,0.066,0.066,0.066,0.066,100000,0.066
2015-05-26,0.065,0.065,0.065,0.065,000,0.065
2015-05-25,0.073,0.073,0.065,0.065,136200,0.065
2015-05-22,0.075,0.077,0.075,0.075,107400,0.075
2015-05-21,0.075,0.075,0.075,0.075,000,0.075
2015-05-20,0.075,0.075,0.075,0.075,100000,0.075
2015-05-19,0.082,0.082,0.075,0.075,65000,0.075
2015-05-18,0.085,0.085,0.085,0.085,000,0.085
2015-05-15,0.08,0.085,0.08,0.085,60000,0.085
2015-05-14,0.072,0.072,0.072,0.072,000,0.072
2015-05-13,0.08,0.08,0.072,0.072,174200,0.072
2015-05-12,0.072,0.072,0.07,0.07,348000,0.07
2015-05-11,0.071,0.08,0.07,0.08,130000,0.08
2015-05-08,0.085,0.085,0.085,0.085,000,0.085
2015-05-07,0.085,0.085,0.085,0.085,000,0.085
2015-05-06,0.086,0.086,0.085,0.085,24000,0.085
2015-05-05,0.07,0.07,0.07,0.07,000,0.07
2015-05-04,0.07,0.07,0.07,0.07,23000,0.07
2015-05-01,0.085,0.085,0.085,0.085,178600,0.085
2015-04-30,0.085,0.085,0.06,0.085,888000,0.085
2015-04-29,0.08,0.085,0.08,0.085,157900,0.085
2015-04-28,0.08,0.08,0.08,0.08,20000,0.08
2015-04-27,0.08,0.08,0.08,0.08,40000,0.08
2015-04-24,0.08,0.08,0.08,0.08,000,0.08
2015-04-23,0.08,0.08,0.075,0.08,104000,0.08
2015-04-22,0.069,0.069,0.069,0.069,47200,0.069
2015-04-21,0.09,0.09,0.09,0.09,000,0.09
2015-04-20,0.09,0.09,0.09,0.09,000,0.09
2015-04-17,0.09,0.09,0.09,0.09,3000,0.09
2015-04-16,0.085,0.085,0.085,0.085,000,0.085
2015-04-15,0.085,0.085,0.085,0.085,27900,0.085
2015-04-14,0.081,0.081,0.081,0.081,000,0.081
2015-04-13,0.081,0.081,0.081,0.081,000,0.081
2015-04-10,0.081,0.081,0.081,0.081,3000,0.081
2015-04-09,0.08,0.08,0.08,0.08,000,0.08
2015-04-08,0.06,0.084,0.06,0.08,17500,0.08
2015-04-07,0.08,0.08,0.08,0.08,6200,0.08
2015-04-06,0.07,0.07,0.07,0.07,000,0.07
2015-04-03,0.07,0.07,0.07,0.07,000,0.07
2015-04-02,0.07,0.07,0.069,0.07,26200,0.07
2015-04-01,0.08,0.085,0.07,0.085,10000,0.085
2015-03-31,0.079,0.085,0.079,0.085,267900,0.085
2015-03-30,0.07,0.07,0.07,0.07,000,0.07
2015-03-27,0.08,0.08,0.07,0.07,38000,0.07
2015-03-26,0.082,0.082,0.082,0.082,000,0.082
2015-03-25,0.082,0.082,0.082,0.082,7000,0.082
2015-03-24,0.081,0.081,0.081,0.081,000,0.081
2015-03-23,0.081,0.081,0.081,0.081,11000,0.081
2015-03-20,0.07,0.07,0.07,0.07,000,0.07
2015-03-19,0.07,0.07,0.07,0.07,000,0.07
2015-03-18,0.075,0.075,0.07,0.07,20000,0.07
2015-03-17,0.07,0.07,0.07,0.07,50000,0.07
2015-03-16,0.085,0.085,0.085,0.085,000,0.085
2015-03-13,0.085,0.085,0.085,0.085,000,0.085
2015-03-12,0.088,0.09,0.085,0.085,48700,0.085
2015-03-11,0.085,0.085,0.085,0.085,11200,0.085
2015-03-10,0.075,0.085,0.068,0.085,107900,0.085
2015-03-09,0.086,0.086,0.086,0.086,000,0.086
2015-03-06,0.09,0.09,0.086,0.086,97700,0.086
2015-03-05,0.075,0.085,0.075,0.085,55000,0.085
2015-03-04,0.075,0.075,0.075,0.075,000,0.075
2015-03-03,0.075,0.075,0.075,0.075,44000,0.075
2015-03-02,0.085,0.085,0.075,0.075,76000,0.075
2015-02-27,0.085,0.085,0.085,0.085,000,0.085
2015-02-26,0.085,0.085,0.085,0.085,230000,0.085
2015-02-25,0.085,0.085,0.085,0.085,12700,0.085
2015-02-24,0.085,0.085,0.085,0.085,30000,0.085
2015-02-23,0.085,0.085,0.085,0.085,89400,0.085
2015-02-20,0.085,0.085,0.085,0.085,100000,0.085
2015-02-19,0.085,0.085,0.085,0.085,000,0.085
2015-02-18,0.085,0.085,0.085,0.085,000,0.085
2015-02-17,0.085,0.085,0.085,0.085,57000,0.085
2015-02-16,0.09,0.09,0.09,0.09,255000,0.09
2015-02-13,0.09,0.09,0.09,0.09,325000,0.09
2015-02-12,0.085,0.085,0.085,0.085,50000,0.085
2015-02-11,0.10,0.10,0.10,0.10,70000,0.10
2015-02-10,0.10,0.10,0.10,0.10,000,0.10
2015-02-09,0.10,0.10,0.10,0.10,26000,0.10
2015-02-06,0.10,0.10,0.10,0.10,211500,0.10
2015-02-05,0.085,0.085,0.085,0.085,000,0.085
2015-02-04,0.086,0.086,0.085,0.085,72300,0.085
2015-02-03,0.09,0.09,0.089,0.089,50400,0.089
2015-02-02,0.086,0.086,0.086,0.086,000,0.086
2015-01-30,0.086,0.086,0.086,0.086,000,0.086
2015-01-29,0.086,0.086,0.086,0.086,20000,0.086
2015-01-28,0.10,0.10,0.10,0.10,000,0.10
2015-01-27,0.10,0.10,0.10,0.10,000,0.10
2015-01-26,0.10,0.10,0.10,0.10,000,0.10
2015-01-23,0.10,0.10,0.10,0.10,000,0.10
2015-01-22,0.10,0.10,0.10,0.10,000,0.10
2015-01-21,0.10,0.10,0.10,0.10,000,0.10
2015-01-20,0.10,0.10,0.10,0.10,000,0.10
2015-01-19,0.086,0.10,0.085,0.10,150000,0.10
2015-01-16,0.086,0.086,0.086,0.086,000,0.086
2015-01-15,0.086,0.086,0.086,0.086,000,0.086
2015-01-14,0.086,0.086,0.086,0.086,000,0.086
2015-01-13,0.086,0.086,0.086,0.086,43000,0.086
2015-01-12,0.086,0.086,0.085,0.085,150000,0.085
2015-01-09,0.086,0.086,0.086,0.086,000,0.086
2015-01-08,0.086,0.086,0.086,0.086,25000,0.086
2015-01-07,0.086,0.086,0.085,0.085,390000,0.085
2015-01-06,0.095,0.095,0.085,0.085,250000,0.085
2015-01-05,0.10,0.10,0.095,0.095,40000,0.095
2015-01-02,0.10,0.10,0.10,0.10,000,0.10
2015-01-01,0.10,0.10,0.10,0.10,000,0.10
2014-12-31,0.10,0.10,0.10,0.10,000,0.10
2014-12-30,0.10,0.10,0.10,0.10,000,0.10
2014-12-29,0.10,0.10,0.10,0.10,000,0.10
2014-12-26,0.10,0.10,0.10,0.10,000,0.10
2014-12-25,0.10,0.10,0.10,0.10,000,0.10
2014-12-24,0.10,0.10,0.10,0.10,000,0.10
2014-12-23,0.095,0.10,0.095,0.10,120000,0.10
2014-12-22,0.10,0.10,0.10,0.10,000,0.10
2014-12-19,0.10,0.10,0.10,0.10,220000,0.10
2014-12-18,0.10,0.10,0.10,0.10,000,0.10
2014-12-17,0.10,0.10,0.10,0.10,3400,0.10
2014-12-16,0.10,0.10,0.10,0.10,000,0.10
2014-12-15,0.10,0.10,0.10,0.10,000,0.10
2014-12-12,0.10,0.10,0.10,0.10,000,0.10
2014-12-11,0.10,0.10,0.10,0.10,000,0.10
2014-12-10,0.10,0.10,0.10,0.10,70000,0.10
2014-12-09,0.10,0.10,0.10,0.10,000,0.10
2014-12-08,0.10,0.10,0.10,0.10,221000,0.10
2014-12-05,0.10,0.10,0.10,0.10,000,0.10
2014-12-04,0.105,0.105,0.10,0.10,128500,0.10
2014-12-03,0.105,0.105,0.105,0.105,000,0.105
2014-12-02,0.11,0.11,0.105,0.105,11500,0.105
2014-12-01,0.115,0.12,0.115,0.115,129000,0.115
2014-11-28,0.11,0.115,0.11,0.115,20500,0.115
2014-11-27,0.12,0.12,0.12,0.12,000,0.12
2014-11-26,0.12,0.12,0.12,0.12,000,0.12
2014-11-25,0.12,0.12,0.12,0.12,000,0.12
2014-11-24,0.12,0.12,0.12,0.12,000,0.12
2014-11-21,0.12,0.12,0.12,0.12,000,0.12
2014-11-20,0.12,0.12,0.12,0.12,000,0.12
2014-11-19,0.12,0.12,0.12,0.12,68900,0.12
2014-11-18,0.115,0.115,0.115,0.115,217500,0.115
2014-11-17,0.10,0.10,0.10,0.10,000,0.10
2014-11-14,0.10,0.10,0.10,0.10,000,0.10
2014-11-13,0.115,0.115,0.10,0.10,10000,0.10
2014-11-12,0.115,0.115,0.115,0.115,28800,0.115
2014-11-11,0.115,0.115,0.115,0.115,20000,0.115
2014-11-10,0.11,0.115,0.11,0.115,196500,0.115
2014-11-07,0.105,0.105,0.105,0.105,2000,0.105
2014-11-06,0.105,0.105,0.105,0.105,130000,0.105
2014-11-05,0.11,0.12,0.105,0.12,95000,0.12
2014-11-04,0.12,0.12,0.12,0.12,65000,0.12
2014-11-03,0.12,0.12,0.12,0.12,000,0.12
2014-10-31,0.12,0.12,0.12,0.12,000,0.12
2014-10-30,0.12,0.12,0.12,0.12,80000,0.12
2014-10-29,0.135,0.135,0.12,0.12,37500,0.12
2014-10-28,0.125,0.125,0.12,0.12,127000,0.12
2014-10-27,0.125,0.13,0.125,0.13,60000,0.13
2014-10-24,0.135,0.135,0.13,0.13,97100,0.13
2014-10-23,0.135,0.14,0.13,0.13,399700,0.13
2014-10-22,0.125,0.13,0.125,0.13,135000,0.13
2014-10-21,0.125,0.125,0.125,0.125,000,0.125
2014-10-20,0.125,0.125,0.125,0.125,5000,0.125
2014-10-17,0.13,0.13,0.13,0.13,99200,0.13
2014-10-16,0.135,0.135,0.13,0.13,137500,0.13
2014-10-15,0.135,0.135,0.135,0.135,308100,0.135
2014-10-14,0.135,0.14,0.135,0.14,58000,0.14
2014-10-13,0.135,0.145,0.135,0.145,60000,0.145
2014-10-10,0.13,0.145,0.125,0.13,669400,0.13
2014-10-09,0.135,0.135,0.135,0.135,25000,0.135
2014-10-08,0.145,0.145,0.13,0.13,198400,0.13
2014-10-07,0.145,0.145,0.145,0.145,82400,0.145
2014-10-06,0.155,0.155,0.155,0.155,000,0.155
2014-10-03,0.14,0.155,0.14,0.155,37800,0.155
2014-10-02,0.135,0.135,0.13,0.135,41700,0.135
2014-10-01,0.14,0.14,0.135,0.135,246400,0.135
2014-09-30,0.14,0.15,0.14,0.15,175000,0.15
2014-09-29,0.14,0.14,0.14,0.14,103100,0.14
2014-09-26,0.15,0.15,0.14,0.14,55000,0.14
2014-09-25,0.15,0.15,0.15,0.15,93600,0.15
2014-09-24,0.155,0.155,0.14,0.14,203200,0.14
2014-09-23,0.16,0.16,0.16,0.16,000,0.16
2014-09-22,0.16,0.16,0.16,0.16,000,0.16
2014-09-19,0.165,0.165,0.16,0.16,103200,0.16
2014-09-18,0.165,0.165,0.165,0.165,000,0.165
2014-09-17,0.17,0.17,0.165,0.165,164100,0.165
2014-09-16,0.18,0.18,0.17,0.17,264100,0.17
2014-09-15,0.18,0.18,0.18,0.18,74700,0.18
2014-09-12,0.19,0.19,0.19,0.19,9800,0.19
2014-09-11,0.195,0.195,0.19,0.19,14300,0.19
2014-09-10,0.19,0.195,0.19,0.195,246700,0.195
2014-09-09,0.18,0.18,0.18,0.18,55200,0.18
2014-09-08,0.18,0.18,0.175,0.175,105500,0.175
2014-09-05,0.195,0.195,0.18,0.18,72700,0.18
2014-09-04,0.18,0.19,0.175,0.19,141600,0.19
2014-09-03,0.20,0.215,0.20,0.215,20000,0.215
2014-09-02,0.22,0.22,0.195,0.195,423000,0.195
2014-09-01,0.215,0.22,0.205,0.22,627000,0.22
2014-08-29,0.21,0.215,0.205,0.215,243300,0.215
2014-08-28,0.215,0.215,0.195,0.21,608500,0.21
2014-08-27,0.23,0.23,0.22,0.23,134600,0.23
2014-08-26,0.23,0.235,0.23,0.23,130900,0.23
2014-08-25,0.215,0.225,0.215,0.225,80000,0.225
2014-08-22,0.21,0.215,0.21,0.21,123600,0.21
2014-08-21,0.21,0.21,0.21,0.21,195000,0.21
2014-08-20,0.235,0.235,0.21,0.21,302600,0.21
2014-08-19,0.235,0.24,0.23,0.23,454400,0.23
2014-08-18,0.215,0.23,0.215,0.23,457400,0.23
2014-08-15,0.20,0.215,0.20,0.21,561500,0.21
2014-08-14,0.19,0.20,0.19,0.20,302600,0.20
2014-08-13,0.17,0.185,0.165,0.185,153400,0.185
2014-08-12,0.17,0.17,0.16,0.16,192600,0.16
2014-08-11,0.19,0.20,0.17,0.17,340600,0.17
2014-08-08,0.17,0.17,0.17,0.17,94100,0.17
2014-08-07,0.17,0.17,0.17,0.17,121600,0.17
2014-08-06,0.175,0.175,0.165,0.165,202600,0.165
2014-08-05,0.20,0.20,0.15,0.165,361500,0.165
2014-08-04,0.15,0.21,0.14,0.195,1617900,0.195
2014-08-01,0.14,0.17,0.14,0.155,726700,0.155
2014-07-31,0.14,0.14,0.14,0.14,37000,0.14
2014-07-30,0.125,0.14,0.125,0.14,346000,0.14
2014-07-29,0.12,0.12,0.12,0.12,30000,0.12
2014-07-28,0.115,0.115,0.115,0.115,25000,0.115
2014-07-25,0.12,0.12,0.115,0.12,104000,0.12
2014-07-24,0.12,0.12,0.12,0.12,320000,0.12
2014-07-23,0.125,0.125,0.125,0.125,000,0.125
2014-07-22,0.125,0.125,0.125,0.125,13800,0.125
2014-07-21,0.12,0.12,0.115,0.115,10000,0.115
2014-07-18,0.125,0.125,0.125,0.125,000,0.125
2014-07-17,0.125,0.125,0.115,0.125,289900,0.125
2014-07-16,0.125,0.125,0.125,0.125,80000,0.125
2014-07-15,0.115,0.115,0.115,0.115,12200,0.115
2014-07-14,0.125,0.125,0.12,0.12,55000,0.12
2014-07-11,0.125,0.125,0.125,0.125,105000,0.125
2014-07-10,0.115,0.115,0.115,0.115,000,0.115
2014-07-09,0.115,0.115,0.115,0.115,000,0.115
2014-07-08,0.115,0.115,0.115,0.115,284100,0.115
2014-07-07,0.125,0.125,0.11,0.12,150000,0.12
2014-07-04,0.135,0.135,0.125,0.125,150000,0.125
2014-07-03,0.13,0.135,0.13,0.13,212500,0.13
2014-07-02,0.135,0.135,0.135,0.135,000,0.135
2014-07-01,0.135,0.135,0.135,0.135,60000,0.135
2014-06-30,0.135,0.135,0.135,0.135,217200,0.135
2014-06-27,0.135,0.135,0.135,0.135,000,0.135
2014-06-26,0.135,0.135,0.135,0.135,14700,0.135
2014-06-25,0.135,0.14,0.135,0.14,112300,0.14
2014-06-24,0.13,0.13,0.13,0.13,000,0.13
2014-06-23,0.13,0.13,0.13,0.13,000,0.13
2014-06-20,0.145,0.145,0.13,0.13,184200,0.13
2014-06-19,0.14,0.14,0.135,0.135,25000,0.135
2014-06-18,0.127,0.1275,0.127,0.127,1000000,0.127
2014-06-17,0.13,0.13,0.125,0.125,304000,0.125
2014-06-16,0.125,0.125,0.125,0.125,000,0.125
2014-06-13,0.125,0.125,0.125,0.125,000,0.125
2014-06-12,0.125,0.125,0.125,0.125,000,0.125
2014-06-11,0.125,0.125,0.125,0.125,000,0.125
2014-06-10,0.13,0.13,0.125,0.125,604000,0.125
2014-06-09,0.13,0.13,0.13,0.13,000,0.13
2014-06-06,0.13,0.13,0.13,0.13,381700,0.13
2014-06-05,0.135,0.135,0.135,0.135,141500,0.135
2014-06-04,0.13,0.13,0.13,0.13,132500,0.13
2014-06-03,0.135,0.135,0.13,0.13,217000,0.13
2014-06-02,0.135,0.135,0.135,0.135,000,0.135
2014-05-30,0.135,0.135,0.135,0.135,61300,0.135
2014-05-29,0.135,0.135,0.135,0.135,21100,0.135
2014-05-28,0.135,0.135,0.13,0.135,1557000,0.135
2014-05-27,0.14,0.14,0.135,0.135,157900,0.135
2014-05-26,0.135,0.135,0.135,0.135,518300,0.135
2014-05-23,0.14,0.14,0.13,0.135,752500,0.135
2014-05-22,0.125,0.135,0.125,0.135,130000,0.135
2014-05-21,0.12,0.125,0.12,0.125,24000,0.125
2014-05-20,0.12,0.12,0.12,0.12,000,0.12
2014-05-19,0.13,0.13,0.12,0.12,154600,0.12
2014-05-16,0.13,0.13,0.13,0.13,150200,0.13
2014-05-15,0.14,0.14,0.12,0.13,29000,0.13
2014-05-14,0.145,0.145,0.145,0.145,103600,0.145
2014-05-13,0.15,0.15,0.15,0.15,138000,0.15
2014-05-12,0.14,0.14,0.14,0.14,20000,0.14
2014-05-09,0.14,0.14,0.14,0.14,105000,0.14
2014-05-08,0.13,0.15,0.13,0.15,263000,0.15
2014-05-07,0.13,0.13,0.13,0.13,10000,0.13
2014-05-06,0.12,0.12,0.12,0.12,135000,0.12
2014-05-05,0.12,0.12,0.12,0.12,000,0.12
2014-05-02,0.12,0.12,0.12,0.12,000,0.12
2014-05-01,0.12,0.12,0.12,0.12,000,0.12
2014-04-30,0.11,0.12,0.11,0.12,55200,0.12
2014-04-29,0.12,0.12,0.12,0.12,182500,0.12
2014-04-28,0.125,0.125,0.12,0.12,42200,0.12
2014-04-25,0.14,0.14,0.14,0.14,000,0.14
2014-04-24,0.14,0.14,0.14,0.14,10000,0.14
2014-04-23,0.14,0.14,0.14,0.14,000,0.14
2014-04-22,0.145,0.145,0.14,0.14,44700,0.14
2014-04-21,0.15,0.15,0.15,0.15,000,0.15
2014-04-18,0.15,0.15,0.15,0.15,000,0.15
2014-04-17,0.145,0.15,0.14,0.15,82000,0.15
2014-04-16,0.15,0.15,0.15,0.15,93900,0.15
2014-04-15,0.15,0.15,0.15,0.15,10000,0.15
2014-04-14,0.15,0.15,0.15,0.15,3000,0.15
2014-04-11,0.18,0.18,0.18,0.18,000,0.18
2014-04-10,0.16,0.18,0.16,0.18,35000,0.18
2014-04-09,0.17,0.17,0.17,0.17,000,0.17
2014-04-08,0.17,0.17,0.17,0.17,200000,0.17
2014-04-07,0.17,0.17,0.17,0.17,69000,0.17
2014-04-04,0.15,0.17,0.15,0.17,106500,0.17
2014-04-03,0.15,0.155,0.15,0.15,208300,0.15
2014-04-02,0.15,0.15,0.15,0.15,000,0.15
2014-04-01,0.15,0.15,0.15,0.15,000,0.15
2014-03-31,0.15,0.15,0.15,0.15,000,0.15
2014-03-28,0.15,0.15,0.15,0.15,000,0.15
2014-03-27,0.15,0.15,0.15,0.15,000,0.15
2014-03-26,0.15,0.15,0.15,0.15,000,0.15
2014-03-25,0.15,0.15,0.15,0.15,000,0.15
2014-03-24,0.15,0.15,0.15,0.15,000,0.15
2014-03-21,0.15,0.15,0.15,0.15,000,0.15
2014-03-20,0.15,0.15,0.15,0.15,000,0.15
2014-03-19,0.15,0.15,0.15,0.15,000,0.15
2014-03-18,0.15,0.15,0.15,0.15,000,0.15
2014-03-17,0.15,0.15,0.15,0.15,000,0.15
2014-03-14,0.15,0.15,0.15,0.15,11300,0.15
2014-03-13,0.13,0.13,0.125,0.125,2100,0.125
2014-03-12,0.15,0.15,0.14,0.14,22800,0.14
2014-03-11,0.125,0.125,0.125,0.125,000,0.125
2014-03-10,0.125,0.125,0.125,0.125,000,0.125
2014-03-07,0.125,0.125,0.125,0.125,000,0.125
2014-03-06,0.125,0.125,0.125,0.125,000,0.125
2014-03-05,0.125,0.125,0.125,0.125,000,0.125
2014-03-04,0.125,0.125,0.125,0.125,000,0.125
2014-03-03,0.125,0.125,0.125,0.125,000,0.125
2014-02-28,0.125,0.125,0.125,0.125,000,0.125
2014-02-27,0.125,0.125,0.125,0.125,20000,0.125
2014-02-26,0.14,0.14,0.14,0.14,000,0.14
2014-02-25,0.14,0.14,0.14,0.14,000,0.14
2014-02-24,0.14,0.14,0.14,0.14,12900,0.14
2014-02-21,0.12,0.14,0.12,0.14,141700,0.14
2014-02-20,0.135,0.14,0.135,0.14,14000,0.14
2014-02-19,0.135,0.135,0.135,0.135,000,0.135
2014-02-18,0.135,0.135,0.135,0.135,000,0.135
2014-02-17,0.135,0.135,0.135,0.135,3700,0.135
2014-02-14,0.11,0.115,0.105,0.115,98500,0.115
2014-02-13,0.115,0.115,0.115,0.115,35200,0.115
2014-02-12,0.125,0.125,0.115,0.115,38800,0.115
2014-02-11,0.145,0.145,0.145,0.145,000,0.145
2014-02-10,0.145,0.145,0.145,0.145,000,0.145
2014-02-07,0.145,0.145,0.145,0.145,000,0.145
2014-02-06,0.145,0.145,0.145,0.145,000,0.145
2014-02-05,0.145,0.145,0.145,0.145,000,0.145
2014-02-04,0.145,0.145,0.145,0.145,000,0.145
2014-02-03,0.145,0.145,0.145,0.145,000,0.145
2014-01-31,0.145,0.145,0.145,0.145,000,0.145
2014-01-30,0.145,0.145,0.145,0.145,000,0.145
2014-01-29,0.145,0.145,0.145,0.145,000,0.145
2014-01-28,0.145,0.145,0.145,0.145,000,0.145
2014-01-27,0.145,0.145,0.145,0.145,000,0.145
2014-01-24,0.145,0.145,0.145,0.145,000,0.145
2014-01-23,0.145,0.145,0.145,0.145,2900,0.145
2014-01-22,0.13,0.13,0.13,0.13,000,0.13
2014-01-21,0.125,0.125,0.125,0.125,000,0.125
2014-01-20,0.125,0.125,0.125,0.125,000,0.125
2014-01-17,0.125,0.125,0.125,0.125,000,0.125
2014-01-16,0.125,0.125,0.125,0.125,000,0.125
2014-01-15,0.125,0.125,0.125,0.125,000,0.125
2014-01-14,0.125,0.125,0.125,0.125,000,0.125
2014-01-13,0.13,0.13,0.125,0.125,30000,0.125
2014-01-10,0.13,0.13,0.13,0.13,24200,0.13
2014-01-09,0.13,0.13,0.13,0.13,28300,0.13
2014-01-08,0.13,0.13,0.13,0.13,000,0.13
2014-01-07,0.13,0.13,0.13,0.13,10000,0.13
2014-01-06,0.13,0.13,0.13,0.13,000,0.13
2014-01-03,0.13,0.13,0.13,0.13,000,0.13
2014-01-02,0.13,0.13,0.13,0.13,000,0.13
2014-01-01,0.13,0.13,0.13,0.13,000,0.13
2013-12-31,0.13,0.13,0.13,0.13,000,0.13
2013-12-30,0.13,0.13,0.13,0.13,26000,0.13
2013-12-27,0.125,0.125,0.125,0.125,000,0.125
2013-12-26,0.125,0.125,0.125,0.125,000,0.125
2013-12-25,0.125,0.125,0.125,0.125,000,0.125
2013-12-24,0.125,0.125,0.125,0.125,000,0.125
2013-12-23,0.125,0.125,0.125,0.125,000,0.125
2013-12-20,0.125,0.125,0.125,0.125,000,0.125
2013-12-19,0.125,0.125,0.125,0.125,000,0.125
2013-12-18,0.125,0.125,0.125,0.125,50000,0.125
2013-12-17,0.115,0.115,0.115,0.115,000,0.115
2013-12-16,0.115,0.115,0.115,0.115,000,0.115
2013-12-13,0.12,0.12,0.115,0.115,25500,0.115
2013-12-12,0.14,0.14,0.14,0.14,000,0.14
2013-12-11,0.14,0.14,0.14,0.14,000,0.14
2013-12-10,0.14,0.14,0.14,0.14,000,0.14
2013-12-09,0.14,0.14,0.14,0.14,2200,0.14
2013-12-06,0.14,0.14,0.14,0.14,000,0.14
2013-12-05,0.14,0.14,0.14,0.14,000,0.14
2013-12-04,0.14,0.14,0.14,0.14,000,0.14
2013-12-03,0.14,0.14,0.14,0.14,000,0.14
2013-12-02,0.14,0.14,0.14,0.14,30000,0.14
2013-11-29,0.14,0.14,0.14,0.14,105000,0.14
2013-11-28,0.135,0.135,0.135,0.135,20000,0.135
2013-11-27,0.135,0.135,0.135,0.135,000,0.135
2013-11-26,0.135,0.135,0.135,0.135,000,0.135
2013-11-25,0.135,0.135,0.135,0.135,000,0.135
2013-11-22,0.135,0.135,0.135,0.135,5000,0.135
2013-11-21,0.135,0.135,0.135,0.135,000,0.135
2013-11-20,0.135,0.135,0.135,0.135,15100,0.135
2013-11-19,0.13,0.13,0.13,0.13,000,0.13
2013-11-18,0.13,0.13,0.13,0.13,000,0.13
2013-11-15,0.13,0.13,0.13,0.13,000,0.13
2013-11-14,0.135,0.135,0.13,0.13,29000,0.13
2013-11-13,0.13,0.13,0.13,0.13,000,0.13
2013-11-12,0.13,0.13,0.13,0.13,000,0.13
2013-11-11,0.13,0.13,0.13,0.13,5000,0.13
2013-11-08,0.16,0.16,0.16,0.16,000,0.16
2013-11-07,0.16,0.16,0.16,0.16,000,0.16
2013-11-06,0.16,0.16,0.16,0.16,000,0.16
2013-11-05,0.15,0.16,0.15,0.16,35000,0.16
2013-11-04,0.115,0.115,0.115,0.115,000,0.115
2013-11-01,0.115,0.115,0.115,0.115,20000,0.115
2013-10-31,0.15,0.15,0.13,0.13,45500,0.13
2013-10-30,0.16,0.16,0.16,0.16,000,0.16
2013-10-29,0.16,0.16,0.16,0.16,9400,0.16
2013-10-28,0.16,0.16,0.16,0.16,000,0.16
2013-10-25,0.18,0.18,0.15,0.16,40000,0.16
2013-10-24,0.18,0.18,0.18,0.18,000,0.18
2013-10-23,0.18,0.19,0.18,0.18,41000,0.18
2013-10-22,0.16,0.16,0.16,0.16,31500,0.16
2013-10-21,0.16,0.16,0.16,0.16,10000,0.16
2013-10-18,0.165,0.165,0.165,0.165,10000,0.165
2013-10-17,0.16,0.16,0.16,0.16,14000,0.16
2013-10-16,0.165,0.165,0.16,0.16,19000,0.16
2013-10-15,0.165,0.165,0.165,0.165,28000,0.165
2013-10-14,0.165,0.165,0.165,0.165,25000,0.165
2013-10-11,0.16,0.16,0.16,0.16,000,0.16
2013-10-10,0.16,0.16,0.16,0.16,20000,0.16
2013-10-09,0.16,0.16,0.15,0.15,15000,0.15
2013-10-08,0.16,0.16,0.16,0.16,000,0.16
2013-10-07,0.16,0.16,0.16,0.16,3700,0.16
2013-10-04,0.17,0.17,0.17,0.17,000,0.17
2013-10-03,0.17,0.17,0.17,0.17,000,0.17
2013-10-02,0.17,0.17,0.17,0.17,000,0.17
2013-10-01,0.17,0.17,0.17,0.17,000,0.17
2013-09-30,0.17,0.17,0.17,0.17,000,0.17
2013-09-27,0.17,0.17,0.17,0.17,000,0.17
2013-09-26,0.16,0.17,0.16,0.17,8000,0.17
2013-09-25,0.16,0.16,0.16,0.16,000,0.16
2013-09-24,0.16,0.16,0.16,0.16,4000,0.16
2013-09-23,0.165,0.165,0.165,0.165,10900,0.165
2013-09-20,0.165,0.165,0.165,0.165,1000,0.165
2013-09-19,0.165,0.165,0.165,0.165,14900,0.165
2013-09-18,0.165,0.165,0.16,0.16,50000,0.16
2013-09-17,0.165,0.165,0.165,0.165,19400,0.165
2013-09-16,0.16,0.165,0.16,0.16,48000,0.16
2013-09-13,0.20,0.20,0.20,0.20,000,0.20
2013-09-12,0.20,0.20,0.20,0.20,000,0.20
2013-09-11,0.20,0.20,0.20,0.20,2400,0.20
2013-09-10,0.18,0.20,0.17,0.20,22200,0.20
2013-09-09,0.16,0.18,0.16,0.18,74400,0.18
2013-09-06,0.18,0.18,0.18,0.18,15000,0.18
2013-09-05,0.135,0.16,0.135,0.16,93300,0.16
2013-09-04,0.15,0.15,0.13,0.13,293900,0.13
2013-09-03,0.16,0.16,0.16,0.16,000,0.16
2013-09-02,0.15,0.16,0.15,0.16,35000,0.16
2013-08-30,0.16,0.16,0.16,0.16,29900,0.16
2013-08-29,0.17,0.17,0.17,0.17,000,0.17
2013-08-28,0.185,0.185,0.17,0.17,120900,0.17
2013-08-27,0.185,0.185,0.185,0.185,7400,0.185
2013-08-26,0.19,0.19,0.185,0.185,8800,0.185
2013-08-23,0.19,0.19,0.19,0.19,21900,0.19
2013-08-22,0.19,0.19,0.19,0.19,6700,0.19
2013-08-21,0.20,0.20,0.19,0.19,29000,0.19
2013-08-20,0.20,0.20,0.20,0.20,000,0.20
2013-08-19,0.20,0.20,0.20,0.20,000,0.20
2013-08-16,0.20,0.20,0.20,0.20,25000,0.20
2013-08-15,0.21,0.21,0.21,0.21,000,0.21
2013-08-14,0.21,0.21,0.21,0.21,5000,0.21
2013-08-13,0.21,0.21,0.21,0.21,2400,0.21
2013-08-12,0.21,0.21,0.21,0.21,000,0.21
2013-08-09,0.21,0.21,0.21,0.21,000,0.21
2013-08-08,0.21,0.21,0.21,0.21,19000,0.21
2013-08-07,0.20,0.20,0.20,0.20,71000,0.20
2013-08-06,0.18,0.18,0.18,0.18,000,0.18
2013-08-05,0.19,0.19,0.18,0.18,15700,0.18
2013-08-02,0.21,0.21,0.195,0.195,80000,0.195
2013-08-01,0.21,0.22,0.21,0.22,23600,0.22
2013-07-31,0.20,0.20,0.20,0.20,6400,0.20
2013-07-30,0.20,0.20,0.20,0.20,26000,0.20
2013-07-29,0.20,0.20,0.20,0.20,2600,0.20
2013-07-26,0.20,0.20,0.20,0.20,000,0.20
2013-07-25,0.20,0.20,0.20,0.20,27300,0.20
2013-07-24,0.20,0.20,0.195,0.195,15200,0.195
2013-07-23,0.20,0.20,0.20,0.20,000,0.20
2013-07-22,0.20,0.20,0.20,0.20,10000,0.20
2013-07-19,0.195,0.195,0.195,0.195,000,0.195
2013-07-18,0.20,0.20,0.195,0.195,28600,0.195
2013-07-17,0.20,0.20,0.20,0.20,000,0.20
2013-07-16,0.20,0.20,0.20,0.20,000,0.20
2013-07-15,0.20,0.20,0.20,0.20,000,0.20
2013-07-12,0.20,0.20,0.20,0.20,25000,0.20
2013-07-11,0.21,0.21,0.20,0.21,179300,0.21
2013-07-10,0.21,0.21,0.21,0.21,9500,0.21
2013-07-09,0.21,0.21,0.21,0.21,14400,0.21
2013-07-08,0.20,0.20,0.20,0.20,25000,0.20
2013-07-05,0.21,0.21,0.20,0.20,104500,0.20
2013-07-04,0.21,0.22,0.20,0.21,132400,0.21
2013-07-03,0.21,0.21,0.20,0.20,28600,0.20
2013-07-02,0.21,0.21,0.21,0.21,000,0.21
2013-07-01,0.215,0.215,0.21,0.21,22300,0.21
2013-06-28,0.21,0.21,0.205,0.21,55000,0.21
2013-06-27,0.205,0.205,0.205,0.205,5000,0.205
2013-06-26,0.205,0.205,0.205,0.205,000,0.205
2013-06-25,0.205,0.205,0.205,0.205,62300,0.205
2013-06-24,0.205,0.205,0.205,0.205,18000,0.205
2013-06-21,0.21,0.21,0.205,0.205,205000,0.205
2013-06-20,0.23,0.235,0.22,0.22,125700,0.22
2013-06-19,0.23,0.23,0.23,0.23,34000,0.23
2013-06-18,0.235,0.235,0.23,0.23,28800,0.23
2013-06-17,0.235,0.235,0.23,0.23,102500,0.23
2013-06-14,0.235,0.24,0.235,0.235,80000,0.235
2013-06-13,0.24,0.245,0.24,0.245,80000,0.245
2013-06-12,0.23,0.23,0.23,0.23,000,0.23
2013-06-11,0.23,0.23,0.23,0.23,000,0.23
2013-06-10,0.23,0.23,0.23,0.23,000,0.23
2013-06-07,0.23,0.235,0.23,0.23,166100,0.23
2013-06-06,0.21,0.21,0.20,0.21,39000,0.21
2013-06-05,0.20,0.20,0.20,0.20,300,0.20
2013-06-04,0.21,0.21,0.20,0.20,30000,0.20
2013-06-03,0.22,0.22,0.20,0.20,110000,0.20
2013-05-31,0.22,0.22,0.22,0.22,10000,0.22
2013-05-30,0.23,0.23,0.22,0.22,47300,0.22
2013-05-29,0.25,0.25,0.25,0.25,000,0.25
2013-05-28,0.25,0.25,0.25,0.25,000,0.25
2013-05-27,0.245,0.25,0.245,0.25,148800,0.25
2013-05-24,0.22,0.22,0.21,0.21,36000,0.21
2013-05-23,0.24,0.24,0.225,0.235,74000,0.235
2013-05-22,0.26,0.26,0.245,0.245,343500,0.245
2013-05-21,0.26,0.27,0.25,0.26,204500,0.26
2013-05-20,0.255,0.255,0.245,0.25,100500,0.25
2013-05-17,0.26,0.26,0.25,0.25,143000,0.25
2013-05-16,0.23,0.27,0.23,0.25,633000,0.25
2013-05-15,0.20,0.22,0.20,0.22,173600,0.22
2013-05-14,0.18,0.20,0.18,0.20,106000,0.20
2013-05-13,0.185,0.185,0.17,0.17,9100,0.17
2013-05-10,0.17,0.17,0.17,0.17,33300,0.17
2013-05-09,0.18,0.18,0.175,0.175,87900,0.175
2013-05-08,0.22,0.22,0.19,0.19,16800,0.19
2013-05-07,0.22,0.22,0.215,0.22,65000,0.22
2013-05-06,0.21,0.22,0.21,0.22,96500,0.22
2013-05-03,0.24,0.24,0.21,0.22,107300,0.22
2013-05-02,0.21,0.24,0.205,0.24,434600,0.24
2013-05-01,0.18,0.18,0.18,0.18,22000,0.18
2013-04-30,0.175,0.175,0.175,0.175,25000,0.175
2013-04-29,0.17,0.185,0.165,0.165,55400,0.165
2013-04-26,0.17,0.17,0.17,0.17,000,0.17
2013-04-25,0.17,0.17,0.17,0.17,000,0.17
2013-04-24,0.17,0.17,0.17,0.17,000,0.17
2013-04-23,0.17,0.17,0.17,0.17,13000,0.17
2013-04-22,0.18,0.18,0.16,0.16,16100,0.16
2013-04-19,0.175,0.18,0.16,0.18,40700,0.18
2013-04-18,0.18,0.18,0.16,0.18,95000,0.18
2013-04-17,0.18,0.18,0.18,0.18,000,0.18
2013-04-16,0.18,0.18,0.17,0.18,75000,0.18
2013-04-15,0.18,0.18,0.18,0.18,600,0.18
2013-04-12,0.18,0.18,0.18,0.18,10000,0.18
2013-04-11,0.195,0.195,0.195,0.195,10000,0.195
2013-04-10,0.18,0.18,0.18,0.18,000,0.18
2013-04-09,0.19,0.215,0.18,0.18,220200,0.18
2013-04-08,0.215,0.215,0.215,0.215,10000,0.215
2013-04-05,0.245,0.245,0.235,0.235,105000,0.235
2013-04-04,0.25,0.25,0.25,0.25,000,0.25
2013-04-03,0.255,0.255,0.25,0.25,29100,0.25
2013-04-02,0.26,0.26,0.255,0.26,145000,0.26
2013-04-01,0.265,0.265,0.265,0.265,000,0.265
2013-03-29,0.265,0.265,0.265,0.265,000,0.265
2013-03-28,0.26,0.265,0.26,0.265,12000,0.265
2013-03-27,0.255,0.255,0.255,0.255,000,0.255
2013-03-26,0.295,0.295,0.255,0.255,78800,0.255
2013-03-25,0.265,0.265,0.265,0.265,000,0.265
2013-03-22,0.265,0.265,0.25,0.265,71100,0.265
2013-03-21,0.275,0.275,0.26,0.275,108000,0.275
2013-03-20,0.27,0.275,0.27,0.275,34400,0.275
2013-03-19,0.28,0.28,0.26,0.26,105100,0.26
2013-03-18,0.26,0.28,0.26,0.28,412300,0.28
2013-03-15,0.275,0.28,0.27,0.28,366600,0.28
2013-03-14,0.27,0.29,0.27,0.28,544100,0.28
2013-03-13,0.26,0.27,0.245,0.26,748400,0.26
2013-03-12,0.29,0.29,0.29,0.29,000,0.29
2013-03-11,0.29,0.29,0.29,0.29,000,0.29
2013-03-08,0.30,0.30,0.29,0.29,146400,0.29
2013-03-07,0.32,0.335,0.30,0.31,263500,0.31
2013-03-06,0.31,0.32,0.29,0.32,1064500,0.32
2013-03-05,0.28,0.295,0.27,0.285,446300,0.285
2013-03-04,0.25,0.29,0.25,0.27,574600,0.27
2013-03-01,0.27,0.27,0.24,0.24,139000,0.24
2013-02-28,0.28,0.28,0.25,0.25,421900,0.25
2013-02-27,0.235,0.285,0.235,0.27,598500,0.27
2013-02-26,0.25,0.25,0.24,0.24,74800,0.24
2013-02-25,0.275,0.275,0.23,0.25,576300,0.25
2013-02-22,0.21,0.28,0.21,0.275,1116100,0.275
2013-02-21,0.215,0.25,0.20,0.21,984900,0.21
2013-02-20,0.16,0.21,0.16,0.21,1033600,0.21
2013-02-19,0.135,0.165,0.135,0.165,439400,0.165
2013-02-18,0.13,0.13,0.125,0.13,394400,0.13
2013-02-15,0.12,0.13,0.11,0.13,62000,0.13
2013-02-14,0.12,0.12,0.12,0.12,000,0.12
2013-02-13,0.12,0.12,0.12,0.12,000,0.12
2013-02-12,0.12,0.12,0.12,0.12,70000,0.12
2013-02-11,0.12,0.12,0.12,0.12,21000,0.12
2013-02-08,0.12,0.125,0.12,0.12,195000,0.12
2013-02-07,0.11,0.11,0.11,0.11,000,0.11
2013-02-06,0.11,0.11,0.11,0.11,000,0.11
2013-02-05,0.115,0.115,0.11,0.11,379300,0.11
2013-02-04,0.12,0.12,0.11,0.11,129900,0.11
2013-02-01,0.12,0.12,0.12,0.12,000,0.12
2013-01-31,0.12,0.12,0.12,0.12,40000,0.12
2013-01-30,0.11,0.11,0.11,0.11,000,0.11
2013-01-29,0.11,0.11,0.11,0.11,000,0.11
2013-01-28,0.11,0.11,0.11,0.11,000,0.11
2013-01-25,0.12,0.12,0.105,0.11,85000,0.11
2013-01-24,0.13,0.14,0.125,0.14,270300,0.14
2013-01-22,0.11,0.11,0.11,0.11,000,0.11
2013-01-21,0.11,0.11,0.11,0.11,000,0.11
2013-01-18,0.11,0.11,0.11,0.11,64700,0.11
2013-01-17,0.10,0.10,0.10,0.10,000,0.10
2013-01-16,0.10,0.10,0.10,0.10,000,0.10
2013-01-15,0.10,0.10,0.10,0.10,29900,0.10
2013-01-14,0.10,0.10,0.10,0.10,10000,0.10
2013-01-11,0.11,0.11,0.11,0.11,120000,0.11
2013-01-10,0.11,0.11,0.11,0.11,100000,0.11
2013-01-09,0.10,0.10,0.10,0.10,000,0.10
2013-01-08,0.10,0.10,0.10,0.10,210000,0.10
2013-01-07,0.10,0.10,0.10,0.10,551500,0.10
2013-01-04,0.097,0.10,0.097,0.10,114500,0.10
2013-01-03,0.09,0.093,0.09,0.093,107500,0.093
2013-01-02,0.08,0.08,0.08,0.08,000,0.08
2013-01-01,0.08,0.08,0.08,0.08,000,0.08
2012-12-31,0.08,0.08,0.08,0.08,110600,0.08
2012-12-28,0.08,0.08,0.08,0.08,000,0.08
2012-12-27,0.08,0.08,0.08,0.08,000,0.08
2012-12-26,0.08,0.08,0.08,0.08,000,0.08
2012-12-25,0.08,0.08,0.08,0.08,000,0.08
2012-12-24,0.08,0.08,0.08,0.08,000,0.08
2012-12-21,0.07,0.08,0.07,0.08,341500,0.08
2012-12-20,0.063,0.063,0.063,0.063,000,0.063
2012-12-19,0.06,0.063,0.06,0.063,139100,0.063
2012-12-18,0.06,0.06,0.06,0.06,000,0.06
2012-12-17,0.061,0.061,0.06,0.06,365700,0.06
2012-12-14,0.06,0.06,0.06,0.06,125000,0.06
2012-12-13,0.065,0.065,0.06,0.06,188500,0.06
2012-12-12,0.065,0.065,0.06,0.065,171000,0.065
2012-12-11,0.068,0.07,0.068,0.07,9900,0.07
2012-12-10,0.07,0.07,0.07,0.07,000,0.07
2012-12-07,0.07,0.07,0.07,0.07,100000,0.07
2012-12-06,0.07,0.07,0.07,0.07,25500,0.07
2012-12-05,0.07,0.07,0.07,0.07,000,0.07
2012-12-04,0.07,0.07,0.07,0.07,20000,0.07
2012-12-03,0.075,0.075,0.075,0.075,000,0.075
2012-11-30,0.075,0.075,0.075,0.075,000,0.075
2012-11-29,0.076,0.076,0.075,0.075,84500,0.075
2012-11-28,0.079,0.079,0.079,0.079,000,0.079
2012-11-27,0.079,0.079,0.079,0.079,000,0.079
2012-11-26,0.079,0.079,0.079,0.079,000,0.079
2012-11-23,0.079,0.079,0.079,0.079,000,0.079
2012-11-22,0.079,0.079,0.079,0.079,000,0.079
2012-11-21,0.079,0.079,0.079,0.079,000,0.079
2012-11-20,0.07,0.079,0.07,0.079,15000,0.079
2012-11-19,0.08,0.08,0.08,0.08,000,0.08
2012-11-16,0.08,0.08,0.08,0.08,000,0.08
2012-11-15,0.08,0.08,0.08,0.08,000,0.08
2012-11-14,0.08,0.08,0.08,0.08,000,0.08
2012-11-13,0.08,0.08,0.08,0.08,000,0.08
2012-11-12,0.08,0.08,0.08,0.08,6500,0.08
2012-11-09,0.082,0.082,0.082,0.082,100000,0.082
2012-11-08,0.07,0.09,0.07,0.082,290000,0.082
2012-11-07,0.08,0.08,0.08,0.08,000,0.08
2012-11-06,0.08,0.08,0.08,0.08,000,0.08
2012-11-05,0.08,0.08,0.08,0.08,000,0.08
2012-11-02,0.08,0.08,0.08,0.08,000,0.08
2012-11-01,0.076,0.08,0.076,0.08,56000,0.08
2012-10-31,0.076,0.076,0.076,0.076,000,0.076
2012-10-30,0.076,0.076,0.076,0.076,000,0.076
2012-10-29,0.076,0.076,0.076,0.076,000,0.076
2012-10-26,0.076,0.076,0.076,0.076,000,0.076
2012-10-25,0.076,0.076,0.076,0.076,000,0.076
2012-10-24,0.076,0.076,0.076,0.076,000,0.076
2012-10-23,0.076,0.076,0.076,0.076,000,0.076
2012-10-22,0.076,0.076,0.076,0.076,000,0.076
2012-10-19,0.076,0.076,0.076,0.076,000,0.076
2012-10-18,0.076,0.076,0.076,0.076,000,0.076
2012-10-17,0.076,0.076,0.076,0.076,000,0.076
2012-10-16,0.076,0.076,0.076,0.076,100000,0.076
2012-10-15,0.076,0.076,0.076,0.076,000,0.076
2012-10-12,0.076,0.076,0.076,0.076,8500,0.076
2012-10-11,0.081,0.081,0.081,0.081,000,0.081
2012-10-10,0.081,0.081,0.081,0.081,24800,0.081
2012-10-09,0.075,0.075,0.075,0.075,000,0.075
2012-10-08,0.08,0.08,0.075,0.075,30600,0.075
2012-10-05,0.08,0.08,0.08,0.08,000,0.08
2012-10-04,0.08,0.08,0.08,0.08,000,0.08
2012-10-03,0.08,0.08,0.08,0.08,60000,0.08
2012-10-02,0.086,0.086,0.086,0.086,12000,0.086
2012-10-01,0.086,0.086,0.086,0.086,000,0.086
2012-09-28,0.09,0.09,0.082,0.086,431000,0.086
2012-09-27,0.09,0.09,0.09,0.09,000,0.09
2012-09-26,0.09,0.09,0.09,0.09,4000,0.09
2012-09-25,0.09,0.09,0.09,0.09,000,0.09
2012-09-24,0.09,0.09,0.09,0.09,000,0.09
2012-09-21,0.095,0.095,0.09,0.09,70000,0.09
2012-09-20,0.094,0.095,0.094,0.095,55000,0.095
2012-09-19,0.09,0.09,0.09,0.09,000,0.09
2012-09-18,0.09,0.09,0.09,0.09,000,0.09
2012-09-17,0.09,0.09,0.09,0.09,000,0.09
2012-09-14,0.09,0.09,0.09,0.09,000,0.09
2012-09-13,0.095,0.095,0.09,0.09,10000,0.09
2012-09-12,0.09,0.09,0.09,0.09,65000,0.09
2012-09-11,0.09,0.09,0.09,0.09,000,0.09
2012-09-10,0.09,0.09,0.09,0.09,93000,0.09
2012-09-07,0.09,0.09,0.09,0.09,198100,0.09
2012-09-06,0.077,0.09,0.077,0.085,386100,0.085
2012-09-05,0.074,0.074,0.074,0.074,000,0.074
2012-09-04,0.074,0.074,0.074,0.074,000,0.074
2012-09-03,0.074,0.074,0.074,0.074,100000,0.074
2012-08-31,0.075,0.075,0.075,0.075,52800,0.075
2012-08-30,0.075,0.075,0.075,0.075,2100,0.075
2012-08-29,0.075,0.075,0.075,0.075,000,0.075
2012-08-28,0.075,0.075,0.075,0.075,000,0.075
2012-08-27,0.075,0.075,0.075,0.075,74500,0.075
2012-08-24,0.074,0.075,0.074,0.075,188300,0.075
2012-08-23,0.065,0.07,0.065,0.07,337600,0.07
2012-08-22,0.065,0.065,0.065,0.065,80000,0.065
2012-08-21,0.06,0.06,0.06,0.06,10000,0.06
2012-08-20,0.06,0.06,0.06,0.06,20000,0.06
2012-08-17,0.06,0.06,0.06,0.06,000,0.06
2012-08-16,0.06,0.06,0.06,0.06,000,0.06
2012-08-15,0.06,0.06,0.06,0.06,30000,0.06
2012-08-14,0.06,0.06,0.06,0.06,000,0.06
2012-08-13,0.06,0.06,0.06,0.06,3000,0.06
2012-08-10,0.06,0.06,0.06,0.06,10000,0.06
2012-08-09,0.06,0.06,0.06,0.06,000,0.06
2012-08-08,0.065,0.065,0.06,0.06,42300,0.06
2012-08-07,0.065,0.065,0.06,0.06,20000,0.06
2012-08-06,0.07,0.07,0.07,0.07,000,0.07
2012-08-03,0.07,0.07,0.07,0.07,000,0.07
2012-08-02,0.07,0.07,0.07,0.07,000,0.07
2012-08-01,0.07,0.07,0.07,0.07,000,0.07
2012-07-31,0.07,0.07,0.07,0.07,000,0.07
2012-07-30,0.07,0.07,0.07,0.07,000,0.07
2012-07-27,0.07,0.07,0.07,0.07,000,0.07
2012-07-26,0.07,0.07,0.07,0.07,000,0.07
2012-07-25,0.07,0.07,0.07,0.07,4000,0.07
2012-07-24,0.071,0.071,0.07,0.07,21000,0.07
2012-07-23,0.07,0.07,0.07,0.07,57000,0.07
2012-07-20,0.063,0.063,0.063,0.063,000,0.063
2012-07-19,0.063,0.063,0.063,0.063,000,0.063
2012-07-18,0.063,0.063,0.063,0.063,000,0.063
2012-07-17,0.063,0.063,0.063,0.063,000,0.063
2012-07-16,0.063,0.063,0.063,0.063,000,0.063
2012-07-13,0.07,0.07,0.063,0.063,40000,0.063
2012-07-12,0.07,0.07,0.07,0.07,000,0.07
2012-07-11,0.07,0.07,0.07,0.07,53000,0.07
2012-07-10,0.073,0.073,0.073,0.073,15000,0.073
2012-07-09,0.075,0.075,0.075,0.075,51900,0.075
2012-07-06,0.075,0.075,0.075,0.075,125500,0.075
2012-07-05,0.072,0.075,0.072,0.075,147500,0.075
2012-07-04,0.071,0.073,0.069,0.073,201100,0.073
2012-07-03,0.071,0.071,0.071,0.071,9400,0.071
2012-07-02,0.068,0.068,0.068,0.068,000,0.068
2012-06-29,0.068,0.068,0.068,0.068,40000,0.068
2012-06-28,0.066,0.066,0.066,0.066,000,0.066
2012-06-27,0.07,0.07,0.066,0.066,115000,0.066
2012-06-26,0.068,0.068,0.066,0.066,56500,0.066
2012-06-25,0.066,0.066,0.066,0.066,44600,0.066
2012-06-22,0.069,0.069,0.069,0.069,5300,0.069
2012-06-21,0.069,0.069,0.069,0.069,86000,0.069
2012-06-20,0.066,0.066,0.066,0.066,000,0.066
2012-06-19,0.065,0.066,0.065,0.066,131800,0.066
2012-06-18,0.065,0.065,0.065,0.065,62200,0.065
2012-06-15,0.065,0.065,0.065,0.065,6100,0.065
2012-06-14,0.06,0.06,0.06,0.06,30000,0.06
2012-06-13,0.07,0.07,0.07,0.07,20000,0.07
2012-06-12,0.075,0.075,0.075,0.075,000,0.075
2012-06-11,0.075,0.075,0.075,0.075,000,0.075
2012-06-08,0.075,0.075,0.075,0.075,000,0.075
2012-06-07,0.08,0.08,0.075,0.075,190000,0.075
2012-06-06,0.086,0.086,0.086,0.086,000,0.086
2012-06-05,0.087,0.087,0.086,0.086,85000,0.086
2012-06-04,0.088,0.088,0.086,0.086,170200,0.086
2012-06-01,0.088,0.088,0.088,0.088,10000,0.088
2012-05-31,0.09,0.09,0.09,0.09,000,0.09
2012-05-30,0.088,0.09,0.087,0.09,116500,0.09
2012-05-29,0.089,0.089,0.089,0.089,000,0.089
2012-05-28,0.09,0.09,0.089,0.089,20100,0.089
2012-05-25,0.09,0.09,0.09,0.09,000,0.09
2012-05-24,0.09,0.09,0.09,0.09,000,0.09
2012-05-23,0.09,0.09,0.09,0.09,000,0.09
2012-05-22,0.09,0.09,0.09,0.09,000,0.09
2012-05-21,0.09,0.09,0.09,0.09,000,0.09
2012-05-18,0.09,0.09,0.09,0.09,10000,0.09
2012-05-17,0.091,0.091,0.091,0.091,37200,0.091
2012-05-16,0.091,0.093,0.09,0.092,55100,0.092
2012-05-15,0.12,0.12,0.12,0.12,000,0.12
2012-05-14,0.12,0.12,0.10,0.10,393600,0.10
2012-05-11,0.12,0.12,0.12,0.12,000,0.12
2012-05-10,0.12,0.12,0.12,0.12,60000,0.12
2012-05-09,0.15,0.15,0.15,0.15,000,0.15
2012-05-08,0.15,0.15,0.15,0.15,000,0.15
2012-05-07,0.15,0.15,0.15,0.15,000,0.15
2012-05-04,0.15,0.15,0.15,0.15,000,0.15
2012-05-03,0.15,0.15,0.15,0.15,000,0.15
2012-05-02,0.15,0.15,0.15,0.15,000,0.15
2012-05-01,0.16,0.16,0.15,0.15,230000,0.15
2012-04-30,0.16,0.16,0.16,0.16,63000,0.16
2012-04-27,0.165,0.165,0.16,0.16,64500,0.16
2012-04-26,0.18,0.18,0.16,0.17,292900,0.17
2012-04-25,0.175,0.175,0.175,0.175,000,0.175
2012-04-24,0.175,0.175,0.175,0.175,000,0.175
2012-04-23,0.175,0.175,0.175,0.175,42500,0.175
2012-04-20,0.175,0.175,0.175,0.175,000,0.175
2012-04-19,0.18,0.18,0.175,0.175,100000,0.175
2012-04-18,0.18,0.18,0.18,0.18,000,0.18
2012-04-17,0.18,0.185,0.18,0.18,126400,0.18
2012-04-16,0.185,0.185,0.18,0.18,18200,0.18
2012-04-13,0.155,0.18,0.155,0.18,85000,0.18
2012-04-12,0.155,0.155,0.155,0.155,80000,0.155
2012-04-11,0.16,0.16,0.16,0.16,000,0.16
2012-04-10,0.16,0.16,0.16,0.16,000,0.16
2012-04-09,0.16,0.16,0.16,0.16,000,0.16
2012-04-06,0.16,0.16,0.16,0.16,000,0.16
2012-04-05,0.17,0.17,0.16,0.16,100000,0.16
2012-04-04,0.18,0.18,0.18,0.18,000,0.18
2012-04-03,0.18,0.18,0.18,0.18,24700,0.18
2012-04-02,0.16,0.16,0.16,0.16,15000,0.16
2012-03-30,0.19,0.19,0.19,0.19,25000,0.19
2012-03-29,0.19,0.19,0.19,0.19,000,0.19
2012-03-28,0.17,0.19,0.17,0.19,53600,0.19
2012-03-27,0.18,0.18,0.18,0.18,21300,0.18
2012-03-26,0.18,0.18,0.18,0.18,000,0.18
2012-03-23,0.18,0.18,0.18,0.18,25200,0.18
2012-03-22,0.18,0.18,0.18,0.18,49700,0.18
2012-03-21,0.18,0.18,0.18,0.18,15600,0.18
2012-03-20,0.20,0.20,0.20,0.20,000,0.20
2012-03-19,0.20,0.20,0.20,0.20,000,0.20
2012-03-16,0.20,0.20,0.20,0.20,000,0.20
2012-03-15,0.20,0.20,0.20,0.20,000,0.20
2012-03-14,0.20,0.20,0.20,0.20,000,0.20
2012-03-13,0.20,0.20,0.20,0.20,000,0.20
2012-03-12,0.20,0.20,0.20,0.20,50000,0.20
2012-03-09,0.19,0.20,0.19,0.20,155800,0.20
2012-03-08,0.20,0.20,0.20,0.20,000,0.20
2012-03-07,0.20,0.20,0.20,0.20,000,0.20
2012-03-06,0.19,0.19,0.19,0.19,9500,0.19
2012-03-05,0.20,0.20,0.20,0.20,000,0.20
2012-03-02,0.20,0.20,0.20,0.20,000,0.20
2012-03-01,0.20,0.20,0.20,0.20,000,0.20
2012-02-29,0.20,0.20,0.20,0.20,000,0.20
2012-02-28,0.20,0.20,0.20,0.20,000,0.20
2012-02-27,0.20,0.20,0.20,0.20,000,0.20
2012-02-24,0.20,0.20,0.20,0.20,100000,0.20
2012-02-23,0.20,0.20,0.20,0.20,000,0.20
2012-02-22,0.20,0.205,0.20,0.20,109900,0.20
2012-02-21,0.21,0.21,0.20,0.205,216600,0.205
2012-02-20,0.205,0.225,0.20,0.21,240500,0.21
2012-02-17,0.18,0.18,0.18,0.18,000,0.18
2012-02-16,0.15,0.18,0.15,0.18,45700,0.18
2012-02-15,0.15,0.16,0.15,0.16,65000,0.16
2012-02-14,0.15,0.15,0.14,0.14,133300,0.14
2012-02-13,0.14,0.14,0.14,0.14,70000,0.14
2012-02-10,0.16,0.16,0.16,0.16,000,0.16
2012-02-09,0.16,0.16,0.16,0.16,000,0.16
2012-02-08,0.16,0.16,0.16,0.16,5000,0.16
2012-02-07,0.16,0.16,0.16,0.16,13000,0.16
2012-02-06,0.145,0.145,0.145,0.145,000,0.145
2012-02-03,0.145,0.145,0.145,0.145,000,0.145
2012-02-02,0.145,0.145,0.145,0.145,000,0.145
2012-02-01,0.145,0.145,0.145,0.145,000,0.145
2012-01-31,0.15,0.15,0.145,0.145,78000,0.145
2012-01-30,0.15,0.15,0.14,0.14,22500,0.14
2012-01-27,0.15,0.15,0.15,0.15,9700,0.15
2012-01-26,0.16,0.16,0.16,0.16,000,0.16
2012-01-25,0.16,0.16,0.16,0.16,000,0.16
2012-01-24,0.15,0.16,0.15,0.16,12800,0.16
2012-01-23,0.16,0.16,0.16,0.16,000,0.16
2012-01-20,0.16,0.16,0.16,0.16,000,0.16
2012-01-19,0.16,0.16,0.16,0.16,22500,0.16
2012-01-18,0.16,0.16,0.16,0.16,000,0.16
2012-01-17,0.16,0.16,0.16,0.16,50000,0.16
2012-01-16,0.16,0.16,0.16,0.16,80000,0.16
2012-01-13,0.15,0.16,0.15,0.16,60000,0.16
2012-01-12,0.155,0.155,0.155,0.155,000,0.155
2012-01-11,0.155,0.155,0.155,0.155,31400,0.155
2012-01-10,0.15,0.15,0.15,0.15,45600,0.15
2012-01-09,0.15,0.15,0.15,0.15,4300,0.15
2012-01-06,0.15,0.15,0.15,0.15,000,0.15
2012-01-05,0.15,0.15,0.15,0.15,25600,0.15
2012-01-04,0.15,0.15,0.15,0.15,36000,0.15
2012-01-03,0.15,0.15,0.15,0.15,38300,0.15
2012-01-02,0.155,0.155,0.155,0.155,000,0.155
2011-12-30,0.155,0.155,0.155,0.155,000,0.155
2011-12-29,0.155,0.155,0.155,0.155,000,0.155
2011-12-28,0.155,0.155,0.155,0.155,45000,0.155
2011-12-27,0.16,0.16,0.16,0.16,000,0.16
2011-12-26,0.16,0.16,0.16,0.16,000,0.16
2011-12-23,0.15,0.16,0.15,0.16,48500,0.16
2011-12-22,0.16,0.16,0.16,0.16,30000,0.16
2011-12-21,0.165,0.165,0.145,0.16,215000,0.16
2011-12-20,0.16,0.16,0.16,0.16,000,0.16
2011-12-19,0.16,0.16,0.16,0.16,23600,0.16
2011-12-16,0.16,0.17,0.16,0.17,40000,0.17
2011-12-15,0.16,0.16,0.16,0.16,130000,0.16
2011-12-14,0.16,0.16,0.16,0.16,000,0.16
2011-12-13,0.16,0.16,0.16,0.16,10000,0.16
2011-12-12,0.16,0.16,0.16,0.16,000,0.16
2011-12-09,0.16,0.16,0.16,0.16,106400,0.16
2011-12-08,0.155,0.155,0.155,0.155,000,0.155
2011-12-07,0.14,0.155,0.14,0.155,71000,0.155
2011-12-06,0.14,0.14,0.14,0.14,5500,0.14
2011-12-05,0.15,0.15,0.115,0.135,258700,0.135
2011-12-02,0.16,0.16,0.16,0.16,25000,0.16
2011-12-01,0.17,0.17,0.17,0.17,600,0.17
2011-11-30,0.18,0.18,0.18,0.18,000,0.18
2011-11-29,0.18,0.18,0.18,0.18,000,0.18
2011-11-28,0.17,0.18,0.17,0.18,27900,0.18
2011-11-25,0.19,0.19,0.19,0.19,000,0.19
2011-11-24,0.185,0.19,0.185,0.19,30000,0.19
2011-11-23,0.17,0.17,0.17,0.17,7000,0.17
2011-11-22,0.20,0.20,0.20,0.20,000,0.20
2011-11-21,0.20,0.20,0.20,0.20,000,0.20
2011-11-18,0.20,0.20,0.20,0.20,000,0.20
2011-11-17,0.20,0.20,0.20,0.20,185000,0.20
2011-11-11,0.20,0.20,0.20,0.20,130000,0.20
2011-11-10,0.195,0.195,0.19,0.19,140000,0.19
2011-11-08,0.20,0.20,0.20,0.20,61500,0.20
2011-11-07,0.19,0.19,0.19,0.19,100000,0.19
2011-11-02,0.19,0.19,0.19,0.19,18500,0.19
2011-10-25,0.19,0.19,0.19,0.19,10000,0.19
2011-10-20,0.20,0.20,0.19,0.19,100100,0.19
2011-10-14,0.20,0.20,0.20,0.20,11000,0.20
2011-10-13,0.20,0.20,0.20,0.20,20000,0.20
2011-10-12,0.19,0.19,0.19,0.19,49900,0.19
2011-09-23,0.21,0.21,0.20,0.20,50000,0.20
2011-09-22,0.21,0.22,0.21,0.21,229300,0.21
2011-09-21,0.21,0.21,0.21,0.21,11800,0.21
2011-09-20,0.22,0.22,0.21,0.21,54000,0.21
2011-09-19,0.22,0.22,0.22,0.22,40000,0.22
2011-09-15,0.23,0.24,0.23,0.24,50600,0.24
2011-09-14,0.215,0.23,0.215,0.22,72500,0.22
2011-09-12,0.215,0.215,0.215,0.215,6000,0.215
2011-09-09,0.235,0.235,0.20,0.215,277700,0.215
2011-09-07,0.22,0.24,0.22,0.24,20000,0.24
2011-09-02,0.22,0.22,0.22,0.22,100000,0.22
2011-08-31,0.24,0.24,0.215,0.23,170600,0.23
2011-08-30,0.25,0.25,0.25,0.25,20000,0.25
2011-08-26,0.23,0.25,0.22,0.25,152000,0.25
2011-08-25,0.24,0.24,0.24,0.24,135000,0.24
2011-08-23,0.23,0.24,0.23,0.24,90900,0.24
2011-08-19,0.24,0.24,0.24,0.24,28000,0.24
2011-08-18,0.255,0.255,0.255,0.255,18600,0.255
2011-08-17,0.26,0.26,0.255,0.255,93300,0.255
2011-08-15,0.245,0.245,0.245,0.245,40000,0.245
2011-08-11,0.25,0.25,0.22,0.25,34600,0.25
2011-08-10,0.22,0.25,0.22,0.25,89800,0.25
2011-08-05,0.25,0.25,0.235,0.25,175600,0.25
2011-08-03,0.28,0.29,0.28,0.29,22700,0.29
2011-08-02,0.28,0.28,0.28,0.28,53900,0.28
2011-08-01,0.26,0.28,0.26,0.28,22000,0.28
2011-07-28,0.27,0.27,0.27,0.27,20000,0.27
2011-07-27,0.28,0.28,0.28,0.28,24600,0.28
2011-07-26,0.28,0.28,0.28,0.28,5000,0.28
2011-07-22,0.29,0.29,0.29,0.29,100000,0.29
2011-07-21,0.28,0.28,0.27,0.28,80300,0.28
2011-07-20,0.29,0.29,0.29,0.29,82000,0.29
2011-07-19,0.30,0.30,0.29,0.29,140400,0.29
2011-07-18,0.285,0.31,0.285,0.31,43900,0.31
2011-07-15,0.28,0.28,0.28,0.28,80000,0.28
2011-07-14,0.28,0.28,0.27,0.27,70000,0.27
2011-07-13,0.28,0.28,0.28,0.28,16000,0.28
2011-07-08,0.29,0.29,0.29,0.29,4600,0.29
2011-07-07,0.29,0.30,0.29,0.30,95000,0.30
2011-07-06,0.28,0.28,0.28,0.28,3500,0.28
2011-07-05,0.28,0.28,0.28,0.28,291500,0.28
2011-07-01,0.29,0.29,0.29,0.29,200,0.29
2011-06-30,0.26,0.29,0.25,0.29,1121600,0.29
2011-06-29,0.28,0.285,0.28,0.285,40000,0.285
2011-06-27,0.30,0.30,0.285,0.285,137500,0.285
2011-06-24,0.305,0.31,0.305,0.31,66000,0.31
2011-06-23,0.30,0.305,0.30,0.30,85400,0.30
2011-06-22,0.30,0.30,0.30,0.30,20000,0.30
2011-06-21,0.31,0.31,0.30,0.305,109500,0.305
2011-06-20,0.31,0.325,0.305,0.31,357000,0.31
2011-06-17,0.31,0.31,0.30,0.30,186400,0.30
2011-06-16,0.315,0.315,0.305,0.305,247400,0.305
2011-06-15,0.33,0.33,0.315,0.315,91300,0.315
2011-06-14,0.33,0.33,0.32,0.32,45000,0.32
2011-06-10,0.325,0.34,0.32,0.32,56200,0.32
2011-06-09,0.305,0.32,0.305,0.32,115300,0.32
2011-06-08,0.31,0.33,0.305,0.315,225000,0.315
2011-06-07,0.32,0.32,0.30,0.30,132000,0.30
2011-06-06,0.325,0.325,0.325,0.325,40000,0.325
2011-06-03,0.325,0.325,0.325,0.325,36000,0.325
2011-06-01,0.32,0.32,0.31,0.31,260600,0.31
2011-05-31,0.34,0.35,0.32,0.32,300200,0.32
2011-05-30,0.44,0.44,0.335,0.34,549100,0.34
2011-05-27,0.345,0.40,0.34,0.40,638900,0.40
2011-05-26,0.32,0.34,0.32,0.34,125900,0.34
2011-05-25,0.33,0.33,0.33,0.33,65000,0.33
2011-05-24,0.33,0.33,0.33,0.33,84600,0.33
2011-05-23,0.33,0.33,0.33,0.33,2300,0.33
2011-05-20,0.32,0.32,0.32,0.32,5000,0.32
2011-05-19,0.32,0.32,0.31,0.31,25400,0.31
2011-05-18,0.30,0.32,0.30,0.32,32500,0.32
2011-05-17,0.29,0.31,0.29,0.30,346700,0.30
2011-05-16,0.32,0.32,0.30,0.30,230900,0.30
2011-05-13,0.33,0.33,0.32,0.32,85600,0.32
2011-05-11,0.31,0.33,0.31,0.33,85000,0.33
2011-05-10,0.325,0.325,0.325,0.325,50000,0.325
2011-05-05,0.31,0.33,0.31,0.31,78100,0.31
2011-05-04,0.34,0.34,0.31,0.32,182500,0.32
2011-05-02,0.345,0.35,0.34,0.34,210900,0.34
2011-04-29,0.33,0.345,0.325,0.345,157300,0.345
2011-04-28,0.345,0.345,0.34,0.34,28600,0.34
2011-04-27,0.36,0.36,0.345,0.345,47300,0.345
2011-04-20,0.345,0.345,0.345,0.345,12400,0.345
2011-04-19,0.345,0.345,0.345,0.345,27000,0.345
2011-04-18,0.36,0.36,0.36,0.36,10000,0.36
2011-04-15,0.35,0.36,0.34,0.36,63800,0.36
2011-04-13,0.36,0.36,0.36,0.36,13800,0.36
2011-04-12,0.35,0.355,0.35,0.355,75000,0.355
2011-04-11,0.38,0.38,0.36,0.365,62600,0.365
2011-04-07,0.40,0.40,0.37,0.37,39400,0.37
2011-04-06,0.43,0.43,0.40,0.405,66300,0.405
2011-04-05,0.395,0.435,0.395,0.425,201000,0.425
2011-04-04,0.375,0.39,0.375,0.38,182700,0.38
2011-04-01,0.35,0.35,0.35,0.35,33100,0.35
2011-03-31,0.325,0.335,0.325,0.335,34000,0.335
2011-03-30,0.325,0.335,0.325,0.335,112900,0.335
2011-03-29,0.33,0.33,0.325,0.325,100000,0.325
2011-03-28,0.365,0.365,0.34,0.35,226800,0.35
2011-03-25,0.355,0.355,0.35,0.35,83300,0.35
2011-03-24,0.36,0.37,0.34,0.37,56000,0.37
2011-03-23,0.36,0.39,0.35,0.39,55000,0.39
2011-03-22,0.385,0.385,0.385,0.385,32400,0.385
2011-03-21,0.37,0.38,0.37,0.38,40500,0.38
2011-03-17,0.35,0.355,0.33,0.355,12400,0.355
2011-03-16,0.33,0.35,0.33,0.35,158000,0.35
2011-03-15,0.36,0.36,0.33,0.33,150000,0.33
2011-03-14,0.34,0.36,0.34,0.36,105000,0.36
2011-03-11,0.36,0.37,0.36,0.37,117700,0.37
2011-03-10,0.40,0.40,0.37,0.37,162600,0.37
2011-03-09,0.40,0.40,0.40,0.40,15000,0.40
2011-03-08,0.405,0.405,0.39,0.405,333600,0.405
2011-03-07,0.425,0.425,0.415,0.415,73700,0.415
2011-03-04,0.41,0.41,0.41,0.41,21600,0.41
2011-03-03,0.42,0.425,0.40,0.41,302500,0.41
2011-03-02,0.42,0.42,0.405,0.41,132800,0.41
2011-02-28,0.415,0.415,0.415,0.415,50000,0.415
2011-02-25,0.425,0.425,0.415,0.415,60900,0.415
2011-02-24,0.42,0.425,0.415,0.425,36900,0.425
2011-02-23,0.445,0.45,0.445,0.45,20000,0.45
2011-02-22,0.47,0.47,0.45,0.455,236800,0.455
2011-02-21,0.45,0.47,0.45,0.47,195300,0.47
2011-02-18,0.45,0.45,0.45,0.45,75000,0.45
2011-02-17,0.46,0.465,0.45,0.46,116000,0.46
2011-02-16,0.46,0.465,0.45,0.465,76500,0.465
2011-02-15,0.46,0.47,0.46,0.47,107100,0.47
2011-02-14,0.45,0.46,0.45,0.45,268700,0.45
2011-02-11,0.43,0.44,0.43,0.44,214100,0.44
2011-02-10,0.425,0.425,0.41,0.415,57900,0.415
2011-02-09,0.41,0.42,0.41,0.415,24400,0.415
2011-02-07,0.42,0.425,0.395,0.395,122800,0.395
2011-02-04,0.405,0.42,0.405,0.42,280800,0.42
2011-02-03,0.395,0.405,0.39,0.405,72600,0.405
2011-02-02,0.405,0.405,0.40,0.405,45400,0.405
2011-01-31,0.40,0.405,0.38,0.40,214000,0.40
2011-01-28,0.41,0.435,0.38,0.41,425600,0.41
2011-01-27,0.425,0.43,0.40,0.42,293200,0.42
2011-01-25,0.43,0.435,0.425,0.425,309200,0.425
2011-01-24,0.445,0.445,0.425,0.425,259500,0.425
2011-01-21,0.44,0.44,0.435,0.435,181500,0.435
2011-01-20,0.445,0.45,0.44,0.45,227200,0.45
2011-01-19,0.44,0.45,0.435,0.435,222700,0.435
2011-01-18,0.46,0.46,0.445,0.46,91300,0.46
2011-01-17,0.47,0.48,0.445,0.445,109600,0.445
2011-01-14,0.47,0.47,0.46,0.47,47500,0.47
2011-01-13,0.445,0.47,0.44,0.465,523400,0.465
2011-01-12,0.45,0.45,0.435,0.435,91100,0.435
2011-01-11,0.46,0.46,0.445,0.45,126500,0.45
2011-01-10,0.445,0.46,0.445,0.46,250600,0.46
2011-01-07,0.435,0.435,0.435,0.435,125000,0.435
2011-01-06,0.445,0.45,0.445,0.45,26100,0.45
2011-01-05,0.445,0.445,0.435,0.435,267400,0.435
2011-01-04,0.455,0.455,0.455,0.455,22700,0.455
2010-12-31,0.455,0.455,0.435,0.44,155200,0.44
2010-12-30,0.46,0.48,0.455,0.465,73600,0.465
2010-12-29,0.47,0.47,0.44,0.455,91500,0.455
2010-12-24,0.48,0.48,0.47,0.47,90000,0.47
2010-12-23,0.475,0.50,0.475,0.495,272000,0.495
2010-12-22,0.43,0.48,0.425,0.48,398700,0.48
2010-12-21,0.43,0.435,0.43,0.435,111000,0.435
2010-12-20,0.445,0.445,0.425,0.435,355500,0.435
2010-12-17,0.455,0.455,0.435,0.45,128000,0.45
2010-12-16,0.445,0.455,0.445,0.455,29900,0.455
2010-12-14,0.455,0.455,0.44,0.455,475100,0.455
2010-12-13,0.45,0.45,0.44,0.45,237600,0.45
2010-12-10,0.46,0.48,0.455,0.46,88600,0.46
2010-12-09,0.45,0.46,0.45,0.46,94900,0.46
2010-12-08,0.44,0.45,0.44,0.44,127500,0.44
2010-12-07,0.455,0.455,0.435,0.435,447900,0.435
2010-12-06,0.445,0.46,0.445,0.455,105200,0.455
2010-12-03,0.44,0.45,0.44,0.45,211400,0.45
2010-12-02,0.445,0.45,0.43,0.435,107000,0.435
2010-12-01,0.45,0.455,0.445,0.45,410900,0.45
2010-11-30,0.47,0.475,0.42,0.46,526100,0.46
2010-11-29,0.51,0.51,0.465,0.485,193300,0.485
2010-11-26,0.52,0.52,0.51,0.52,105700,0.52
2010-11-25,0.515,0.515,0.48,0.515,141000,0.515
2010-11-24,0.505,0.515,0.48,0.515,170200,0.515
2010-11-23,0.51,0.51,0.505,0.51,71600,0.51
2010-11-22,0.52,0.535,0.505,0.52,109500,0.52
2010-11-19,0.51,0.54,0.51,0.52,63700,0.52
2010-11-18,0.51,0.52,0.505,0.52,82800,0.52
2010-11-17,0.535,0.535,0.50,0.51,591300,0.51
2010-11-16,0.56,0.56,0.54,0.54,70100,0.54
2010-11-15,0.56,0.56,0.545,0.56,85300,0.56
2010-11-12,0.54,0.56,0.54,0.56,106300,0.56
2010-11-11,0.535,0.55,0.52,0.52,314500,0.52
2010-11-10,0.58,0.58,0.53,0.53,273800,0.53
2010-11-09,0.56,0.58,0.535,0.56,369900,0.56
2010-11-08,0.575,0.58,0.535,0.56,246200,0.56
2010-11-05,0.56,0.57,0.56,0.57,88900,0.57
2010-11-04,0.575,0.575,0.55,0.555,42600,0.555
2010-11-03,0.54,0.545,0.52,0.545,141500,0.545
2010-11-02,0.545,0.575,0.545,0.575,91100,0.575
2010-10-29,0.57,0.58,0.53,0.58,3000,0.58
2010-10-28,0.57,0.57,0.53,0.56,190600,0.56
2010-10-27,0.57,0.57,0.565,0.565,66100,0.565
2010-10-26,0.59,0.59,0.57,0.57,183500,0.57
2010-10-25,0.59,0.59,0.565,0.58,49200,0.58
2010-10-22,0.585,0.59,0.57,0.57,77300,0.57
2010-10-21,0.62,0.625,0.58,0.59,303200,0.59
2010-10-20,0.545,0.605,0.545,0.605,437900,0.605
2010-10-19,0.52,0.575,0.52,0.57,576200,0.57
2010-10-18,0.505,0.515,0.505,0.515,44000,0.515
2010-10-15,0.505,0.53,0.50,0.53,160000,0.53
2010-10-14,0.51,0.52,0.505,0.505,282700,0.505
2010-10-13,0.52,0.52,0.51,0.51,58300,0.51
2010-10-12,0.515,0.53,0.515,0.515,44600,0.515
2010-10-11,0.515,0.52,0.51,0.51,243500,0.51
2010-10-08,0.52,0.545,0.515,0.52,88300,0.52
2010-10-07,0.54,0.55,0.525,0.525,55000,0.525
2010-10-06,0.52,0.545,0.52,0.54,72500,0.54
2010-10-05,0.52,0.54,0.515,0.515,99000,0.515
2010-10-04,0.54,0.54,0.515,0.52,112700,0.52
2010-10-01,0.57,0.57,0.55,0.55,163400,0.55
2010-09-30,0.55,0.575,0.55,0.575,13000,0.575
2010-09-29,0.58,0.585,0.55,0.55,560200,0.55
2010-09-28,0.55,0.585,0.54,0.58,350600,0.58
2010-09-27,0.58,0.58,0.55,0.55,315800,0.55
2010-09-24,0.515,0.585,0.515,0.585,264000,0.585
2010-09-23,0.515,0.525,0.51,0.525,141000,0.525
2010-09-22,0.52,0.535,0.51,0.515,98300,0.515
2010-09-21,0.51,0.52,0.50,0.51,165600,0.51
2010-09-20,0.51,0.51,0.50,0.50,84200,0.50
2010-09-16,0.505,0.505,0.50,0.50,50000,0.50
2010-09-15,0.50,0.545,0.50,0.545,98300,0.545
2010-09-14,0.54,0.545,0.49,0.50,306500,0.50
2010-09-13,0.545,0.545,0.535,0.54,157100,0.54
2010-09-10,0.55,0.55,0.55,0.55,73700,0.55
2010-09-09,0.535,0.57,0.535,0.57,51600,0.57
2010-09-08,0.595,0.595,0.51,0.535,301100,0.535
2010-09-07,0.59,0.59,0.58,0.58,85500,0.58
2010-09-06,0.57,0.60,0.565,0.60,242000,0.60
2010-09-03,0.605,0.61,0.57,0.57,208400,0.57
2010-09-02,0.59,0.605,0.585,0.605,149000,0.605
2010-09-01,0.60,0.61,0.60,0.60,115000,0.60
2010-08-31,0.62,0.62,0.60,0.60,380600,0.60
2010-08-30,0.625,0.625,0.61,0.62,103700,0.62
2010-08-27,0.585,0.635,0.585,0.625,422000,0.625
2010-08-26,0.58,0.58,0.57,0.58,125300,0.58
2010-08-25,0.55,0.55,0.55,0.55,31900,0.55
2010-08-24,0.56,0.56,0.54,0.55,128400,0.55
2010-08-23,0.55,0.60,0.535,0.56,112800,0.56
2010-08-20,0.56,0.56,0.53,0.56,481400,0.56
2010-08-19,0.605,0.605,0.56,0.565,80400,0.565
2010-08-18,0.60,0.63,0.59,0.60,352300,0.60
2010-08-17,0.60,0.60,0.575,0.59,109500,0.59
2010-08-16,0.565,0.60,0.56,0.60,21000,0.60
2010-08-13,0.58,0.595,0.58,0.595,122400,0.595
2010-08-12,0.61,0.615,0.585,0.59,1031900,0.59
2010-08-11,0.65,0.655,0.625,0.625,82400,0.625
2010-08-10,0.675,0.68,0.63,0.63,320600,0.63
2010-08-09,0.66,0.685,0.65,0.675,871300,0.675
2010-08-06,0.61,0.645,0.59,0.645,439000,0.645
2010-08-05,0.62,0.67,0.61,0.615,1083200,0.615
2010-08-04,0.58,0.62,0.56,0.62,263600,0.62
2010-08-03,0.62,0.62,0.58,0.58,1149300,0.58
2010-07-29,0.50,0.625,0.50,0.615,1485000,0.615
2010-07-28,0.50,0.505,0.49,0.50,145100,0.50
2010-07-27,0.495,0.50,0.495,0.50,66700,0.50
2010-07-26,0.51,0.52,0.48,0.495,437200,0.495
2010-07-23,0.50,0.525,0.475,0.495,775000,0.495
2010-07-22,0.49,0.49,0.47,0.47,161400,0.47
2010-07-21,0.485,0.49,0.48,0.49,98600,0.49
2010-07-20,0.50,0.515,0.48,0.485,356900,0.485
2010-07-19,0.48,0.485,0.48,0.485,87000,0.485
2010-07-16,0.495,0.50,0.48,0.495,501600,0.495
2010-07-15,0.495,0.495,0.46,0.485,260300,0.485
2010-07-14,0.49,0.53,0.48,0.49,1293100,0.49
2010-07-13,0.41,0.49,0.41,0.46,1834600,0.46
2010-07-12,0.325,0.415,0.325,0.415,835400,0.415
2010-07-09,0.31,0.32,0.31,0.32,109900,0.32
2010-07-08,0.30,0.30,0.30,0.30,12500,0.30
2010-07-07,0.29,0.30,0.29,0.30,54800,0.30
2010-07-06,0.29,0.29,0.29,0.29,36100,0.29
2010-07-05,0.295,0.30,0.275,0.30,252600,0.30
2010-07-02,0.29,0.295,0.29,0.295,32200,0.295
2010-07-01,0.29,0.31,0.29,0.30,318600,0.30
2010-06-30,0.275,0.285,0.275,0.275,154900,0.275
2010-06-29,0.29,0.295,0.28,0.28,102300,0.28
2010-06-28,0.31,0.31,0.295,0.295,126400,0.295
2010-06-25,0.33,0.33,0.31,0.31,120100,0.31
2010-06-24,0.325,0.35,0.325,0.325,22000,0.325
2010-06-23,0.33,0.33,0.325,0.325,000,0.325
2010-06-22,0.33,0.345,0.325,0.325,80200,0.325
2010-06-21,0.355,0.38,0.345,0.345,423400,0.345
2010-06-18,0.31,0.345,0.31,0.345,447200,0.345
2010-06-17,0.29,0.31,0.29,0.31,300000,0.31
2010-06-16,0.28,0.30,0.28,0.30,310200,0.30
2010-06-15,0.295,0.295,0.295,0.295,2700,0.295
2010-06-11,0.28,0.295,0.27,0.295,82100,0.295
2010-06-10,0.275,0.275,0.26,0.275,148300,0.275
2010-06-09,0.285,0.285,0.27,0.27,110000,0.27
2010-06-08,0.275,0.285,0.27,0.285,47100,0.285
2010-06-07,0.275,0.275,0.26,0.275,61200,0.275
2010-06-04,0.285,0.285,0.28,0.285,158300,0.285
2010-06-03,0.29,0.29,0.28,0.285,121900,0.285
2010-06-02,0.295,0.31,0.29,0.29,83800,0.29
2010-06-01,0.30,0.30,0.295,0.30,25500,0.30
2010-05-31,0.31,0.31,0.295,0.31,161700,0.31
2010-05-28,0.30,0.335,0.30,0.31,409800,0.31
2010-05-27,0.30,0.30,0.29,0.295,191000,0.295
2010-05-26,0.28,0.30,0.28,0.295,206500,0.295
2010-05-25,0.32,0.325,0.27,0.29,558800,0.29
2010-05-24,0.34,0.36,0.32,0.33,395800,0.33
2010-05-21,0.335,0.335,0.30,0.31,819900,0.31
2010-05-20,0.37,0.37,0.345,0.355,292000,0.355
2010-05-19,0.37,0.37,0.345,0.37,489200,0.37
2010-05-18,0.40,0.40,0.37,0.375,178000,0.375
2010-05-17,0.43,0.43,0.375,0.40,429300,0.40
2010-05-14,0.40,0.43,0.37,0.425,1100400,0.425
2010-05-13,0.405,0.415,0.40,0.41,85100,0.41
2010-05-12,0.425,0.425,0.39,0.405,267500,0.405
2010-05-11,0.46,0.47,0.415,0.42,488500,0.42
2010-05-10,0.38,0.44,0.38,0.44,352900,0.44
2010-05-07,0.35,0.38,0.34,0.38,867600,0.38
2010-05-06,0.445,0.445,0.39,0.40,307200,0.40
2010-05-05,0.38,0.44,0.36,0.44,543700,0.44
2010-05-04,0.52,0.52,0.445,0.45,1447000,0.45
2010-05-03,0.55,0.55,0.505,0.535,543200,0.535
2010-04-30,0.57,0.57,0.55,0.56,152900,0.56
2010-04-29,0.575,0.595,0.56,0.575,499600,0.575
2010-04-28,0.565,0.57,0.545,0.57,305200,0.57
2010-04-27,0.66,0.66,0.58,0.58,437400,0.58
2010-04-23,0.60,0.66,0.60,0.63,1650900,0.63
2010-04-22,0.56,0.60,0.555,0.59,300700,0.59
2010-04-21,0.56,0.56,0.545,0.56,190800,0.56
2010-04-20,0.56,0.57,0.545,0.56,225900,0.56
2010-04-19,0.57,0.58,0.56,0.56,27000,0.56
2010-04-16,0.59,0.59,0.57,0.57,165400,0.57
2010-04-15,0.56,0.59,0.56,0.59,237000,0.59
2010-04-14,0.59,0.59,0.56,0.56,208500,0.56
2010-04-13,0.57,0.60,0.56,0.56,588100,0.56
2010-04-12,0.58,0.58,0.54,0.575,805600,0.575
2010-04-09,0.585,0.585,0.54,0.58,575300,0.58
2010-04-08,0.61,0.63,0.59,0.60,240000,0.60
2010-04-07,0.62,0.66,0.605,0.605,548600,0.605
2010-04-06,0.60,0.61,0.57,0.60,655400,0.60
2010-04-01,0.605,0.615,0.53,0.60,1863300,0.60
2010-03-31,0.65,0.66,0.615,0.615,369900,0.615
2010-03-30,0.65,0.65,0.65,0.65,271000,0.65
2010-03-29,0.665,0.665,0.645,0.645,537900,0.645
2010-03-26,0.665,0.665,0.65,0.665,836800,0.665
2010-03-25,0.65,0.655,0.64,0.655,562500,0.655
2010-03-24,0.67,0.67,0.64,0.66,929100,0.66
2010-03-23,0.68,0.68,0.625,0.66,1426600,0.66
2010-03-22,0.695,0.70,0.67,0.675,683300,0.675
2010-03-19,0.68,0.71,0.67,0.67,1037700,0.67
2010-03-18,0.685,0.70,0.665,0.67,694800,0.67
2010-03-17,0.71,0.775,0.665,0.675,3385600,0.675
2010-03-16,0.60,0.70,0.60,0.675,1663900,0.675
2010-03-15,0.70,0.70,0.62,0.64,1792500,0.64
2010-03-12,0.74,0.76,0.66,0.705,2206200,0.705
2010-03-11,0.72,0.79,0.71,0.74,4857200,0.74
2010-03-10,0.63,0.72,0.63,0.70,3305000,0.70
2010-03-09,0.585,0.67,0.555,0.63,2270300,0.63
2010-03-08,0.54,0.59,0.535,0.585,2022500,0.585
2010-03-05,0.47,0.54,0.47,0.54,1921100,0.54
2010-03-04,0.48,0.48,0.46,0.47,257100,0.47
2010-03-03,0.46,0.47,0.435,0.47,565600,0.47
2010-03-02,0.495,0.50,0.45,0.46,1202400,0.46
2010-03-01,0.46,0.505,0.46,0.495,2700100,0.495
2010-02-26,0.405,0.47,0.405,0.47,1987900,0.47
2010-02-25,0.425,0.425,0.40,0.40,1435200,0.40
2010-02-24,0.35,0.42,0.35,0.42,2437700,0.42
2010-02-23,0.36,0.36,0.35,0.35,127000,0.35
2010-02-22,0.36,0.36,0.35,0.36,139900,0.36
2010-02-19,0.35,0.365,0.35,0.36,262500,0.36
2010-02-18,0.365,0.365,0.355,0.36,548100,0.36
2010-02-17,0.34,0.365,0.34,0.365,772700,0.365
2010-02-16,0.35,0.35,0.33,0.335,542100,0.335
2010-02-15,0.37,0.37,0.355,0.36,712200,0.36
2010-02-10,0.34,0.375,0.34,0.36,958900,0.36
2010-02-09,0.345,0.35,0.31,0.33,358200,0.33
2010-02-08,0.34,0.35,0.32,0.32,92500,0.32
2010-02-05,0.325,0.33,0.31,0.325,519600,0.325
2010-02-04,0.335,0.36,0.335,0.34,607500,0.34
2010-02-03,0.39,0.39,0.33,0.335,758600,0.335
2010-02-02,0.285,0.39,0.285,0.375,3225100,0.375
2010-02-01,0.315,0.315,0.265,0.265,1163400,0.265
2010-01-29,0.32,0.345,0.315,0.325,290100,0.325
2010-01-28,0.325,0.345,0.325,0.33,391100,0.33
2010-01-27,0.34,0.34,0.29,0.315,1155100,0.315
2010-01-25,0.355,0.36,0.34,0.34,802100,0.34
2010-01-22,0.365,0.385,0.355,0.37,1397300,0.37
2010-01-21,0.38,0.385,0.355,0.385,977000,0.385
2010-01-20,0.41,0.415,0.375,0.38,1709600,0.38
2010-01-19,0.445,0.46,0.39,0.41,5358200,0.41
2010-01-18,0.34,0.43,0.325,0.43,8012000,0.43
2010-01-15,0.44,0.44,0.37,0.37,5999700,0.37
2010-01-14,0.45,0.475,0.395,0.455,5596200,0.455
2010-01-13,0.42,0.52,0.395,0.475,14302900,0.475
2010-01-12,0.295,0.41,0.29,0.41,6155500,0.41
2010-01-11,0.29,0.31,0.275,0.285,3415000,0.285
2010-01-08,0.29,0.335,0.275,0.275,12911000,0.275
2010-01-07,0.22,0.26,0.195,0.26,9772100,0.26
2010-01-06,0.175,0.23,0.175,0.19,3648200,0.19
2010-01-05,0.10,0.115,0.10,0.115,271700,0.115
2010-01-04,0.09,0.092,0.09,0.092,65000,0.092
2009-12-31,0.092,0.092,0.085,0.085,000,0.085
2009-12-30,0.09,0.09,0.085,0.085,000,0.085
2009-12-29,0.085,0.085,0.076,0.08,230000,0.08
2009-12-24,0.09,0.09,0.085,0.085,62500,0.085
2009-12-23,0.08,0.085,0.08,0.085,42000,0.085
2009-12-22,0.08,0.08,0.078,0.078,000,0.078
2009-12-21,0.076,0.078,0.076,0.078,23600,0.078
2009-12-18,0.079,0.079,0.076,0.076,1661600,0.076
2009-12-17,0.079,0.079,0.078,0.078,000,0.078
2009-12-15,0.079,0.079,0.079,0.079,6300,0.079
2009-12-14,0.084,0.084,0.08,0.08,36200,0.08
2009-12-11,0.08,0.08,0.08,0.08,10000,0.08
2009-12-10,0.079,0.08,0.078,0.08,30000,0.08
2009-12-09,0.075,0.075,0.075,0.075,24000,0.075
2009-12-08,0.083,0.083,0.08,0.08,000,0.08
2009-12-07,0.085,0.085,0.085,0.085,287100,0.085
2009-12-04,0.09,0.09,0.08,0.08,000,0.08
2009-12-03,0.09,0.09,0.08,0.08,000,0.08
2009-12-02,0.08,0.08,0.08,0.08,117000,0.08
2009-12-01,0.081,0.081,0.08,0.08,346100,0.08
2009-11-30,0.085,0.085,0.081,0.081,22900,0.081
2009-11-27,0.081,0.081,0.081,0.081,242800,0.081
2009-11-26,0.09,0.09,0.08,0.08,000,0.08
2009-11-25,0.095,0.095,0.08,0.08,000,0.08
2009-11-24,0.094,0.094,0.09,0.09,130000,0.09
2009-11-23,0.08,0.09,0.08,0.09,135800,0.09
2009-11-20,0.08,0.08,0.08,0.08,71300,0.08
2009-11-19,0.08,0.08,0.067,0.067,000,0.067
2009-11-18,0.08,0.08,0.065,0.065,000,0.065
2009-11-17,0.075,0.08,0.075,0.08,23700,0.08
2009-11-16,0.075,0.075,0.065,0.065,000,0.065
2009-11-13,0.08,0.08,0.065,0.065,000,0.065
2009-11-12,0.08,0.08,0.065,0.065,000,0.065
2009-11-11,0.08,0.08,0.065,0.065,000,0.065
2009-11-10,0.08,0.08,0.065,0.065,000,0.065
2009-11-09,0.08,0.08,0.065,0.065,000,0.065
2009-11-06,0.07,0.075,0.07,0.075,160000,0.075
2009-11-05,0.08,0.08,0.08,0.08,79200,0.08
2009-11-04,0.08,0.08,0.08,0.08,30000,0.08
2009-11-03,0.077,0.077,0.077,0.077,000,0.077
2009-11-02,0.078,0.078,0.077,0.077,40000,0.077
2009-10-30,0.08,0.08,0.075,0.075,20000,0.075
2009-10-29,0.09,0.09,0.07,0.075,1113000,0.075
2009-10-28,0.095,0.095,0.095,0.095,000,0.095
2009-10-27,0.095,0.095,0.095,0.095,000,0.095
2009-10-26,0.095,0.095,0.09,0.095,107000,0.095
2009-10-23,0.091,0.095,0.091,0.095,61900,0.095
2009-10-22,0.095,0.095,0.091,0.091,115400,0.091
2009-10-21,0.091,0.095,0.091,0.095,125200,0.095
2009-10-20,0.094,0.094,0.091,0.091,129700,0.091
2009-10-19,0.09,0.094,0.085,0.094,1398500,0.094
2009-10-16,0.094,0.094,0.094,0.094,000,0.094
2009-10-15,0.093,0.094,0.093,0.094,248300,0.094
2009-10-14,0.093,0.093,0.093,0.093,250000,0.093
2009-10-13,0.10,0.10,0.095,0.095,500000,0.095
2009-10-12,0.099,0.10,0.099,0.10,164700,0.10
2009-10-09,0.095,0.10,0.095,0.10,398500,0.10
2009-10-08,0.088,0.088,0.088,0.088,000,0.088
2009-10-07,0.089,0.09,0.088,0.088,105100,0.088
2009-10-06,0.087,0.087,0.087,0.087,000,0.087
2009-10-05,0.087,0.087,0.087,0.087,000,0.087
2009-10-02,0.087,0.087,0.087,0.087,55000,0.087
2009-10-01,0.087,0.087,0.087,0.087,7000,0.087
2009-09-30,0.085,0.085,0.085,0.085,000,0.085
2009-09-29,0.085,0.085,0.085,0.085,000,0.085
2009-09-28,0.085,0.085,0.085,0.085,4000,0.085
2009-09-25,0.085,0.085,0.085,0.085,15000,0.085
2009-09-24,0.081,0.085,0.081,0.085,101000,0.085
2009-09-23,0.076,0.076,0.076,0.076,10000,0.076
2009-09-22,0.08,0.08,0.08,0.08,66100,0.08
2009-09-21,0.075,0.075,0.075,0.075,2700,0.075
2009-09-18,0.07,0.075,0.07,0.075,894800,0.075
2009-09-17,0.066,0.07,0.065,0.065,257500,0.065
2009-09-16,0.07,0.07,0.07,0.07,37300,0.07
2009-09-15,0.066,0.066,0.066,0.066,150000,0.066
2009-09-14,0.065,0.065,0.06,0.06,165000,0.06
2009-09-11,0.064,0.068,0.064,0.067,416500,0.067
2009-09-10,0.053,0.053,0.053,0.053,000,0.053
2009-09-09,0.053,0.053,0.053,0.053,000,0.053
2009-09-08,0.053,0.053,0.053,0.053,8000,0.053
2009-09-07,0.053,0.053,0.053,0.053,000,0.053
2009-09-04,0.055,0.055,0.053,0.053,50000,0.053
2009-09-03,0.058,0.064,0.056,0.064,66200,0.064
2009-09-02,0.065,0.065,0.065,0.065,000,0.065
2009-09-01,0.065,0.065,0.065,0.065,000,0.065
2009-08-31,0.064,0.065,0.064,0.065,143500,0.065
2009-08-28,0.058,0.058,0.058,0.058,000,0.058
2009-08-27,0.058,0.058,0.058,0.058,000,0.058
2009-08-26,0.058,0.058,0.058,0.058,000,0.058
2009-08-25,0.058,0.058,0.058,0.058,91800,0.058
2009-08-24,0.058,0.058,0.058,0.058,000,0.058
2009-08-21,0.058,0.058,0.058,0.058,7000,0.058
2009-08-20,0.065,0.065,0.065,0.065,8000,0.065
2009-08-19,0.058,0.058,0.058,0.058,50000,0.058
2009-08-18,0.06,0.06,0.058,0.058,125000,0.058
2009-08-17,0.065,0.065,0.06,0.06,104000,0.06
2009-08-14,0.06,0.06,0.06,0.06,000,0.06
2009-08-13,0.06,0.062,0.06,0.06,86800,0.06
2009-08-12,0.06,0.06,0.06,0.06,17400,0.06
2009-08-11,0.06,0.06,0.06,0.06,000,0.06
2009-08-10,0.064,0.064,0.06,0.06,227300,0.06
2009-08-07,0.062,0.062,0.062,0.062,000,0.062
2009-08-06,0.062,0.062,0.062,0.062,28000,0.062
2009-08-05,0.065,0.065,0.065,0.065,000,0.065
2009-08-04,0.065,0.065,0.065,0.065,35000,0.065
2009-08-03,0.065,0.065,0.065,0.065,50000,0.065
2009-07-31,0.065,0.065,0.065,0.065,50000,0.065
2009-07-30,0.06,0.06,0.06,0.06,50000,0.06
2009-07-29,0.06,0.06,0.06,0.06,18100,0.06
2009-07-28,0.06,0.06,0.06,0.06,31800,0.06
2009-07-27,0.055,0.055,0.055,0.055,000,0.055
2009-07-24,0.054,0.055,0.054,0.055,100000,0.055
2009-07-23,0.053,0.053,0.053,0.053,000,0.053
2009-07-22,0.053,0.053,0.053,0.053,000,0.053
2009-07-21,0.049,0.053,0.047,0.053,204400,0.053
2009-07-20,0.042,0.042,0.042,0.042,000,0.042
2009-07-17,0.042,0.042,0.042,0.042,000,0.042
2009-07-16,0.045,0.045,0.042,0.042,40000,0.042
2009-07-15,0.055,0.055,0.055,0.055,000,0.055
2009-07-14,0.055,0.055,0.055,0.055,000,0.055
2009-07-13,0.055,0.055,0.055,0.055,000,0.055
2009-07-10,0.055,0.055,0.055,0.055,000,0.055
2009-07-09,0.055,0.055,0.055,0.055,000,0.055
2009-07-08,0.055,0.055,0.055,0.055,50000,0.055
2009-07-07,0.045,0.045,0.045,0.045,000,0.045
2009-07-06,0.055,0.055,0.045,0.045,000,0.045
2009-07-03,0.045,0.045,0.045,0.045,000,0.045
2009-07-02,0.045,0.045,0.045,0.045,000,0.045
2009-07-01,0.045,0.045,0.045,0.045,100000,0.045
2009-06-30,0.039,0.039,0.039,0.039,130000,0.039
2009-06-29,0.043,0.043,0.038,0.038,763300,0.038
2009-06-26,0.046,0.046,0.045,0.045,505900,0.045
2009-06-25,0.047,0.047,0.046,0.046,21500,0.046
2009-06-24,0.069,0.069,0.046,0.046,000,0.046
2009-06-23,0.055,0.055,0.046,0.046,80000,0.046
2009-06-22,0.055,0.055,0.055,0.055,100000,0.055
2009-06-19,0.055,0.055,0.055,0.055,90000,0.055
2009-06-18,0.05,0.05,0.05,0.05,000,0.05
2009-06-17,0.05,0.05,0.05,0.05,000,0.05
2009-06-16,0.07,0.07,0.05,0.05,000,0.05
2009-06-15,0.046,0.05,0.046,0.05,9500,0.05
2009-06-12,0.065,0.065,0.065,0.065,000,0.065
2009-06-11,0.065,0.065,0.065,0.065,143700,0.065
2009-06-10,0.065,0.065,0.065,0.065,56300,0.065
2009-06-09,0.07,0.07,0.07,0.07,000,0.07
2009-06-05,0.07,0.07,0.07,0.07,23200,0.07
2009-06-04,0.08,0.08,0.08,0.08,000,0.08
2009-06-03,0.08,0.08,0.08,0.08,000,0.08
2009-06-02,0.075,0.08,0.075,0.08,100000,0.08
2009-06-01,0.08,0.08,0.08,0.08,000,0.08
2009-05-29,0.08,0.08,0.08,0.08,32500,0.08
2009-05-28,0.081,0.081,0.081,0.081,000,0.081
2009-05-27,0.081,0.081,0.081,0.081,000,0.081
2009-05-26,0.081,0.081,0.081,0.081,250000,0.081
2009-05-25,0.08,0.083,0.08,0.083,70000,0.083
2009-05-22,0.07,0.07,0.07,0.07,16800,0.07
2009-05-21,0.084,0.084,0.07,0.07,000,0.07
2009-05-20,0.084,0.084,0.07,0.07,000,0.07
2009-05-19,0.07,0.07,0.07,0.07,106300,0.07
2009-05-18,0.07,0.07,0.06,0.06,000,0.06
2009-05-15,0.08,0.08,0.06,0.06,000,0.06
2009-05-14,0.06,0.06,0.06,0.06,100000,0.06
2009-05-13,0.08,0.08,0.06,0.06,000,0.06
2009-05-12,0.06,0.06,0.06,0.06,20000,0.06
2009-05-11,0.06,0.06,0.06,0.06,23000,0.06
2009-05-08,0.055,0.06,0.055,0.06,69500,0.06
2009-05-07,0.05,0.05,0.05,0.05,33000,0.05
2009-05-06,0.043,0.043,0.043,0.043,90000,0.043
2009-05-05,0.04,0.041,0.04,0.041,75000,0.041
2009-05-04,0.04,0.04,0.04,0.04,50000,0.04
2009-05-01,0.035,0.035,0.035,0.035,8400,0.035
2009-04-30,0.034,0.034,0.034,0.034,000,0.034
2009-04-29,0.032,0.034,0.032,0.034,101400,0.034
2009-04-28,0.038,0.038,0.038,0.038,000,0.038
2009-04-27,0.038,0.038,0.038,0.038,000,0.038
2009-04-24,0.038,0.038,0.038,0.038,000,0.038
2009-04-23,0.038,0.038,0.038,0.038,000,0.038
2009-04-22,0.038,0.038,0.038,0.038,20000,0.038
2009-04-21,0.038,0.038,0.032,0.032,000,0.032
2009-04-20,0.038,0.038,0.032,0.032,000,0.032
2009-04-17,0.032,0.032,0.032,0.032,20000,0.032
2009-04-16,0.04,0.04,0.032,0.032,000,0.032
2009-04-15,0.043,0.043,0.032,0.032,000,0.032
2009-04-14,0.032,0.032,0.032,0.032,20000,0.032
2009-04-09,0.043,0.043,0.032,0.032,000,0.032
2009-04-08,0.032,0.032,0.032,0.032,100000,0.032
2009-04-07,0.03,0.03,0.03,0.03,000,0.03
2009-04-06,0.03,0.03,0.03,0.03,000,0.03
2009-04-03,0.03,0.03,0.03,0.03,000,0.03
2009-04-02,0.043,0.043,0.03,0.03,000,0.03
2009-04-01,0.043,0.043,0.03,0.03,000,0.03
2009-03-31,0.043,0.043,0.03,0.03,000,0.03
2009-03-30,0.043,0.043,0.03,0.03,000,0.03
2009-03-27,0.03,0.03,0.03,0.03,53300,0.03
2009-03-26,0.035,0.035,0.03,0.03,000,0.03
2009-03-25,0.035,0.035,0.03,0.03,000,0.03
2009-03-24,0.035,0.035,0.03,0.03,000,0.03
2009-03-23,0.031,0.031,0.031,0.031,36000,0.031
2009-03-20,0.03,0.03,0.03,0.03,80000,0.03
2009-03-19,0.03,0.03,0.03,0.03,10000,0.03
2009-03-18,0.03,0.03,0.03,0.03,000,0.03
2009-03-17,0.03,0.03,0.03,0.03,000,0.03
2009-03-16,0.03,0.03,0.03,0.03,000,0.03
2009-03-13,0.03,0.03,0.03,0.03,000,0.03
2009-03-12,0.035,0.035,0.03,0.03,365000,0.03
2009-03-11,0.035,0.035,0.035,0.035,34000,0.035
2009-03-10,0.035,0.035,0.035,0.035,41000,0.035
2009-03-09,0.031,0.031,0.031,0.031,000,0.031
2009-03-06,0.031,0.031,0.031,0.031,000,0.031
2009-03-05,0.035,0.035,0.031,0.031,000,0.031
2009-03-04,0.035,0.035,0.031,0.031,000,0.031
2009-03-03,0.031,0.031,0.031,0.031,8000,0.031
2009-03-02,0.035,0.035,0.035,0.035,000,0.035
2009-02-27,0.035,0.035,0.035,0.035,000,0.035
2009-02-26,0.045,0.045,0.035,0.035,000,0.035
2009-02-25,0.045,0.045,0.035,0.035,000,0.035
2009-02-24,0.045,0.045,0.035,0.035,000,0.035
2009-02-23,0.045,0.045,0.035,0.035,000,0.035
2009-02-20,0.045,0.045,0.035,0.035,000,0.035
2009-02-19,0.045,0.045,0.035,0.035,000,0.035
2009-02-18,0.045,0.045,0.035,0.035,000,0.035
2009-02-17,0.035,0.035,0.035,0.035,4000,0.035
2009-02-16,0.045,0.045,0.035,0.035,000,0.035
2009-02-13,0.048,0.048,0.035,0.035,000,0.035
2009-02-12,0.048,0.048,0.035,0.035,000,0.035
2009-02-11,0.048,0.048,0.035,0.035,000,0.035
2009-02-10,0.035,0.035,0.035,0.035,20000,0.035
2009-02-09,0.035,0.035,0.035,0.035,215000,0.035
2009-02-06,0.04,0.04,0.04,0.04,000,0.04
2009-02-05,0.04,0.04,0.04,0.04,80000,0.04
2009-02-04,0.045,0.045,0.04,0.04,40000,0.04
2009-02-03,0.055,0.055,0.045,0.045,000,0.045
2009-02-02,0.055,0.055,0.045,0.045,000,0.045
2009-01-30,0.045,0.045,0.045,0.045,80000,0.045
2009-01-29,0.055,0.055,0.055,0.055,000,0.055
2009-01-28,0.055,0.055,0.055,0.055,9200,0.055
2009-01-27,0.06,0.06,0.06,0.06,20000,0.06
2009-01-23,0.055,0.055,0.055,0.055,40800,0.055
2009-01-22,0.055,0.055,0.055,0.055,000,0.055
2009-01-21,0.055,0.055,0.055,0.055,000,0.055
2009-01-20,0.055,0.055,0.055,0.055,000,0.055
2009-01-19,0.055,0.055,0.055,0.055,9200,0.055
2009-01-16,0.046,0.05,0.046,0.05,64100,0.05
2009-01-15,0.046,0.046,0.046,0.046,000,0.046
2009-01-14,0.046,0.046,0.046,0.046,000,0.046
2009-01-13,0.046,0.046,0.046,0.046,000,0.046
2009-01-12,0.046,0.046,0.046,0.046,000,0.046
2009-01-09,0.046,0.046,0.046,0.046,000,0.046
2009-01-08,0.046,0.046,0.046,0.046,000,0.046
2009-01-07,0.046,0.046,0.046,0.046,000,0.046
2009-01-06,0.045,0.046,0.045,0.046,100000,0.046
2009-01-05,0.05,0.05,0.05,0.05,000,0.05
2009-01-02,0.05,0.05,0.05,0.05,000,0.05
2008-12-31,0.05,0.05,0.05,0.05,000,0.05
2008-12-30,0.05,0.05,0.05,0.05,000,0.05
2008-12-29,0.05,0.05,0.05,0.05,000,0.05
2008-12-24,0.05,0.05,0.05,0.05,000,0.05
2008-12-23,0.05,0.05,0.05,0.05,000,0.05
2008-12-22,0.05,0.05,0.05,0.05,000,0.05
2008-12-19,0.05,0.05,0.05,0.05,000,0.05
2008-12-18,0.05,0.05,0.05,0.05,000,0.05
2008-12-17,0.05,0.05,0.05,0.05,000,0.05
2008-12-16,0.05,0.05,0.05,0.05,000,0.05
2008-12-15,0.05,0.05,0.05,0.05,000,0.05
2008-12-12,0.05,0.05,0.05,0.05,000,0.05
2008-12-11,0.05,0.05,0.05,0.05,000,0.05
2008-12-10,0.05,0.05,0.05,0.05,10000,0.05
2008-12-09,0.05,0.05,0.05,0.05,000,0.05
2008-12-08,0.05,0.05,0.05,0.05,000,0.05
2008-12-05,0.05,0.05,0.05,0.05,000,0.05
2008-12-04,0.05,0.05,0.05,0.05,000,0.05
2008-12-03,0.05,0.05,0.05,0.05,000,0.05
2008-12-02,0.05,0.05,0.05,0.05,000,0.05
2008-12-01,0.05,0.05,0.05,0.05,20000,0.05
2008-11-28,0.055,0.055,0.05,0.05,000,0.05
2008-11-27,0.05,0.05,0.05,0.05,000,0.05
2008-11-26,0.05,0.05,0.05,0.05,149800,0.05
2008-11-25,0.058,0.058,0.058,0.058,000,0.058
2008-11-24,0.058,0.058,0.058,0.058,000,0.058
2008-11-21,0.058,0.058,0.058,0.058,000,0.058
2008-11-20,0.058,0.058,0.058,0.058,000,0.058
2008-11-19,0.05,0.058,0.05,0.058,20000,0.058
2008-11-18,0.046,0.058,0.045,0.058,125000,0.058
2008-11-17,0.06,0.06,0.06,0.06,000,0.06
2008-11-14,0.06,0.06,0.06,0.06,000,0.06
2008-11-13,0.06,0.06,0.06,0.06,000,0.06
2008-11-12,0.06,0.06,0.06,0.06,000,0.06
2008-11-11,0.06,0.06,0.06,0.06,000,0.06
2008-11-10,0.06,0.06,0.06,0.06,000,0.06
2008-11-07,0.06,0.06,0.06,0.06,73900,0.06
2008-11-06,0.07,0.07,0.06,0.06,145000,0.06
2008-11-05,0.065,0.07,0.065,0.07,163600,0.07
2008-11-04,0.065,0.065,0.065,0.065,53300,0.065
2008-11-03,0.06,0.06,0.06,0.06,6600,0.06
2008-10-31,0.06,0.06,0.06,0.06,33300,0.06
2008-10-30,0.05,0.052,0.05,0.052,64600,0.052
2008-10-29,0.045,0.045,0.045,0.045,45000,0.045
2008-10-28,0.029,0.029,0.022,0.022,20000,0.022
2008-10-27,0.05,0.05,0.048,0.048,60000,0.048
2008-10-24,0.067,0.067,0.048,0.048,000,0.048
2008-10-23,0.05,0.05,0.05,0.05,50000,0.05
2008-10-22,0.068,0.068,0.068,0.068,000,0.068
2008-10-21,0.068,0.068,0.068,0.068,000,0.068
2008-10-20,0.068,0.068,0.068,0.068,000,0.068
2008-10-17,0.068,0.068,0.068,0.068,000,0.068
2008-10-16,0.068,0.068,0.068,0.068,20000,0.068
2008-10-15,0.081,0.081,0.081,0.081,000,0.081
2008-10-14,0.081,0.081,0.081,0.081,000,0.081
2008-10-13,0.081,0.081,0.081,0.081,000,0.081
2008-10-10,0.081,0.081,0.081,0.081,000,0.081
2008-10-09,0.081,0.081,0.081,0.081,000,0.081
2008-10-08,0.081,0.081,0.081,0.081,000,0.081
2008-10-07,0.081,0.081,0.081,0.081,000,0.081
2008-10-06,0.084,0.084,0.081,0.081,11200,0.081
2008-10-03,0.095,0.095,0.081,0.081,000,0.081
2008-10-02,0.095,0.095,0.081,0.081,000,0.081
2008-10-01,0.095,0.095,0.081,0.081,000,0.081
2008-09-30,0.095,0.095,0.081,0.081,000,0.081
2008-09-29,0.091,0.095,0.084,0.084,93000,0.084
2008-09-26,0.089,0.09,0.089,0.09,55600,0.09
2008-09-25,0.085,0.085,0.085,0.085,16700,0.085
2008-09-24,0.085,0.085,0.081,0.081,162500,0.081
2008-09-23,0.084,0.086,0.084,0.085,180000,0.085
2008-09-22,0.085,0.087,0.085,0.085,83200,0.085
2008-09-19,0.085,0.085,0.082,0.082,40700,0.082
2008-09-18,0.076,0.076,0.075,0.075,110000,0.075
2008-09-17,0.085,0.085,0.085,0.085,26000,0.085
2008-09-16,0.09,0.09,0.09,0.09,5800,0.09
2008-09-15,0.085,0.085,0.085,0.085,4000,0.085
2008-09-12,0.09,0.09,0.085,0.085,61000,0.085
2008-09-11,0.105,0.105,0.085,0.085,000,0.085
2008-09-10,0.09,0.09,0.085,0.085,40000,0.085
2008-09-09,0.095,0.095,0.095,0.095,000,0.095
2008-09-08,0.095,0.095,0.095,0.095,000,0.095
2008-09-05,0.095,0.095,0.095,0.095,80000,0.095
2008-09-04,0.10,0.10,0.10,0.10,20000,0.10
2008-09-03,0.115,0.115,0.115,0.115,000,0.115
2008-09-02,0.08,0.115,0.08,0.115,270000,0.115
2008-09-01,0.07,0.08,0.07,0.08,116000,0.08
2008-08-29,0.08,0.08,0.07,0.07,70000,0.07
2008-08-28,0.08,0.08,0.08,0.08,000,0.08
2008-08-27,0.08,0.08,0.08,0.08,000,0.08
2008-08-26,0.08,0.08,0.08,0.08,000,0.08
2008-08-25,0.08,0.08,0.08,0.08,000,0.08
2008-08-22,0.08,0.08,0.08,0.08,000,0.08
2008-08-21,0.081,0.081,0.08,0.08,35000,0.08
2008-08-20,0.081,0.081,0.081,0.081,40000,0.081
2008-08-19,0.081,0.081,0.081,0.081,10000,0.081
2008-08-18,0.085,0.085,0.081,0.081,000,0.081
2008-08-15,0.085,0.085,0.08,0.08,000,0.08
2008-08-14,0.085,0.085,0.08,0.08,000,0.08
2008-08-13,0.085,0.085,0.08,0.08,000,0.08
2008-08-12,0.085,0.085,0.08,0.08,000,0.08
2008-08-11,0.083,0.083,0.083,0.083,49000,0.083
2008-08-08,0.084,0.084,0.075,0.083,701000,0.083
2008-08-07,0.11,0.11,0.084,0.084,000,0.084
2008-08-06,0.11,0.11,0.083,0.083,000,0.083
2008-08-05,0.089,0.089,0.083,0.083,000,0.083
2008-08-04,0.089,0.089,0.081,0.081,000,0.081
2008-08-01,0.081,0.081,0.081,0.081,7000,0.081
2008-07-31,0.085,0.085,0.085,0.085,40000,0.085
2008-07-30,0.087,0.10,0.087,0.09,167300,0.09
2008-07-29,0.12,0.12,0.12,0.12,000,0.12
2008-07-28,0.12,0.12,0.12,0.12,000,0.12
2008-07-25,0.12,0.12,0.12,0.12,000,0.12
2008-07-24,0.095,0.12,0.095,0.12,26000,0.12
2008-07-23,0.095,0.095,0.095,0.095,5000,0.095
2008-07-22,0.10,0.10,0.10,0.10,000,0.10
2008-07-21,0.10,0.10,0.10,0.10,000,0.10
2008-07-18,0.10,0.10,0.10,0.10,15000,0.10
2008-07-17,0.105,0.105,0.105,0.105,100000,0.105
2008-07-16,0.095,0.095,0.095,0.095,20000,0.095
2008-07-15,0.11,0.11,0.11,0.11,000,0.11
2008-07-14,0.11,0.11,0.11,0.11,000,0.11
2008-07-11,0.11,0.11,0.11,0.11,000,0.11
2008-07-10,0.11,0.11,0.11,0.11,000,0.11
2008-07-09,0.11,0.11,0.11,0.11,000,0.11
2008-07-08,0.11,0.11,0.11,0.11,1700,0.11
2008-07-07,0.11,0.11,0.11,0.11,25600,0.11
2008-07-04,0.10,0.10,0.10,0.10,10000,0.10
2008-07-03,0.115,0.115,0.10,0.10,000,0.10
2008-07-02,0.115,0.115,0.10,0.10,000,0.10
2008-07-01,0.105,0.105,0.10,0.10,151200,0.10
2008-06-30,0.115,0.115,0.10,0.10,87800,0.10
2008-06-27,0.115,0.12,0.115,0.12,278000,0.12
2008-06-26,0.125,0.125,0.125,0.125,8000,0.125
2008-06-25,0.12,0.12,0.12,0.12,000,0.12
2008-06-24,0.12,0.12,0.12,0.12,162400,0.12
2008-06-23,0.12,0.12,0.12,0.12,5000,0.12
2008-06-20,0.12,0.12,0.12,0.12,500,0.12
2008-06-19,0.13,0.13,0.13,0.13,000,0.13
2008-06-18,0.13,0.13,0.13,0.13,000,0.13
2008-06-17,0.125,0.13,0.125,0.13,14900,0.13
2008-06-16,0.13,0.13,0.125,0.125,50000,0.125
2008-06-13,0.125,0.13,0.125,0.13,78200,0.13
2008-06-12,0.125,0.125,0.125,0.125,35000,0.125
2008-06-11,0.12,0.12,0.12,0.12,74400,0.12
2008-06-10,0.115,0.12,0.115,0.12,25000,0.12
2008-06-06,0.12,0.12,0.12,0.12,15500,0.12
2008-06-05,0.115,0.115,0.105,0.11,120100,0.11
2008-06-04,0.12,0.12,0.12,0.12,115000,0.12
2008-06-03,0.13,0.13,0.125,0.125,59500,0.125
2008-06-02,0.13,0.13,0.13,0.13,40000,0.13
2008-05-30,0.11,0.11,0.11,0.11,30000,0.11
2008-05-29,0.135,0.135,0.135,0.135,10000,0.135
2008-05-28,0.13,0.13,0.13,0.13,000,0.13
2008-05-27,0.14,0.14,0.13,0.13,104000,0.13
2008-05-26,0.135,0.14,0.135,0.14,90000,0.14
2008-05-23,0.13,0.135,0.13,0.135,30400,0.135
2008-05-22,0.099,0.105,0.099,0.105,369300,0.105
2008-05-21,0.099,0.099,0.092,0.092,000,0.092
2008-05-20,0.099,0.099,0.092,0.092,000,0.092
2008-05-19,0.10,0.10,0.091,0.091,75100,0.091
2008-05-16,0.095,0.095,0.095,0.095,50500,0.095
2008-05-15,0.099,0.10,0.099,0.10,104700,0.10
2008-05-14,0.11,0.11,0.10,0.10,178700,0.10
2008-05-13,0.13,0.13,0.13,0.13,80000,0.13
2008-05-12,0.14,0.15,0.14,0.15,46700,0.15
2008-05-09,0.10,0.125,0.10,0.12,201900,0.12
2008-05-08,0.10,0.10,0.10,0.10,000,0.10
2008-05-07,0.085,0.10,0.085,0.10,125000,0.10
2008-05-06,0.07,0.079,0.07,0.074,77400,0.074
2008-05-05,0.069,0.069,0.069,0.069,245000,0.069
2008-05-02,0.069,0.069,0.065,0.065,503300,0.065
2008-05-01,0.061,0.067,0.06,0.067,2715000,0.067
2008-04-30,0.075,0.075,0.07,0.07,28200,0.07
2008-04-29,0.073,0.073,0.07,0.07,100000,0.07
2008-04-28,0.073,0.076,0.073,0.076,101900,0.076
2008-04-24,0.072,0.073,0.072,0.073,132500,0.073
2008-04-23,0.078,0.078,0.072,0.073,443000,0.073
2008-04-22,0.078,0.078,0.075,0.075,000,0.075
2008-04-21,0.078,0.078,0.075,0.075,000,0.075
2008-04-18,0.078,0.078,0.078,0.078,12500,0.078
2008-04-17,0.08,0.08,0.08,0.08,000,0.08
2008-04-16,0.08,0.08,0.08,0.08,37500,0.08
2008-04-15,0.08,0.08,0.075,0.075,000,0.075
2008-04-14,0.093,0.093,0.075,0.075,000,0.075
2008-04-11,0.08,0.08,0.076,0.076,130000,0.076
2008-04-10,0.072,0.072,0.072,0.072,20000,0.072
2008-04-09,0.075,0.084,0.075,0.075,261500,0.075
2008-04-08,0.075,0.075,0.075,0.075,165000,0.075
2008-04-07,0.079,0.079,0.076,0.077,171600,0.077
2008-04-04,0.075,0.075,0.075,0.075,124400,0.075
2008-04-03,0.075,0.075,0.075,0.075,5600,0.075
2008-04-02,0.085,0.085,0.085,0.085,4300,0.085
2008-04-01,0.095,0.095,0.085,0.085,000,0.085
2008-03-31,0.095,0.095,0.085,0.085,70000,0.085
2008-03-28,0.095,0.095,0.095,0.095,26000,0.095
2008-03-27,0.095,0.095,0.09,0.09,000,0.09
2008-03-26,0.09,0.09,0.09,0.09,100000,0.09
2008-03-25,0.09,0.09,0.09,0.09,2500,0.09
2008-03-20,0.095,0.095,0.09,0.09,82000,0.09
2008-03-19,0.105,0.105,0.095,0.095,000,0.095
2008-03-18,0.10,0.10,0.095,0.095,22500,0.095
2008-03-17,0.10,0.10,0.10,0.10,80000,0.10
2008-03-14,0.10,0.10,0.10,0.10,50000,0.10
2008-03-13,0.09,0.09,0.09,0.09,000,0.09
2008-03-12,0.09,0.09,0.09,0.09,16300,0.09
2008-03-11,0.10,0.10,0.09,0.09,92500,0.09
2008-03-10,0.10,0.10,0.10,0.10,40000,0.10
2008-03-07,0.10,0.10,0.10,0.10,170000,0.10
2008-03-06,0.105,0.105,0.10,0.10,40000,0.10
2008-03-05,0.105,0.105,0.105,0.105,97400,0.105
2008-03-04,0.105,0.105,0.105,0.105,30000,0.105
2008-03-03,0.115,0.115,0.115,0.115,3600,0.115
2008-02-29,0.12,0.12,0.115,0.115,215000,0.115
2008-02-28,0.12,0.125,0.12,0.12,148000,0.12
2008-02-27,0.135,0.135,0.12,0.12,86100,0.12
2008-02-26,0.135,0.135,0.135,0.135,15000,0.135
2008-02-25,0.14,0.14,0.135,0.135,000,0.135
2008-02-22,0.135,0.135,0.135,0.135,23400,0.135
2008-02-21,0.135,0.135,0.135,0.135,000,0.135
2008-02-20,0.15,0.15,0.135,0.135,47700,0.135
2008-02-19,0.135,0.145,0.135,0.14,117400,0.14
2008-02-18,0.13,0.13,0.13,0.13,26000,0.13
2008-02-15,0.14,0.14,0.13,0.13,60000,0.13
2008-02-14,0.15,0.15,0.15,0.15,3800,0.15
2008-02-13,0.155,0.155,0.155,0.155,6000,0.155
2008-02-12,0.15,0.155,0.15,0.155,184000,0.155
2008-02-11,0.15,0.15,0.15,0.15,86100,0.15
2008-02-08,0.165,0.17,0.15,0.15,138400,0.15
2008-02-07,0.165,0.165,0.16,0.16,60000,0.16
2008-02-06,0.165,0.165,0.165,0.165,3200,0.165
2008-02-05,0.16,0.16,0.155,0.155,50100,0.155
2008-02-04,0.165,0.175,0.165,0.165,150000,0.165
2008-02-01,0.17,0.17,0.17,0.17,50000,0.17
2008-01-31,0.16,0.165,0.16,0.165,48000,0.165
2008-01-30,0.18,0.185,0.16,0.16,483700,0.16
2008-01-29,0.15,0.17,0.15,0.17,900000,0.17
2008-01-25,0.135,0.145,0.135,0.14,237000,0.14
2008-01-24,0.14,0.15,0.12,0.135,281500,0.135
2008-01-23,0.12,0.15,0.12,0.14,224500,0.14
2008-01-22,0.14,0.14,0.12,0.14,179000,0.14
2008-01-21,0.145,0.145,0.145,0.145,48000,0.145
2008-01-18,0.15,0.15,0.145,0.145,119000,0.145
2008-01-17,0.15,0.15,0.15,0.15,95000,0.15
2008-01-16,0.15,0.15,0.15,0.15,164100,0.15
2008-01-15,0.155,0.155,0.15,0.15,125000,0.15
2008-01-14,0.17,0.17,0.165,0.165,440000,0.165
2008-01-11,0.175,0.175,0.175,0.175,000,0.175
2008-01-10,0.175,0.175,0.175,0.175,20000,0.175
2008-01-09,0.18,0.18,0.18,0.18,435000,0.18
2008-01-08,0.18,0.18,0.18,0.18,000,0.18
2008-01-07,0.18,0.18,0.18,0.18,000,0.18
2008-01-04,0.18,0.18,0.18,0.18,75000,0.18
2008-01-03,0.18,0.18,0.18,0.18,5000,0.18
2008-01-02,0.16,0.18,0.16,0.18,487500,0.18
2007-12-31,0.165,0.165,0.165,0.165,114000,0.165
2007-12-28,0.165,0.165,0.165,0.165,20000,0.165
2007-12-27,0.165,0.165,0.165,0.165,140000,0.165
2007-12-24,0.16,0.16,0.16,0.16,20000,0.16
2007-12-21,0.16,0.16,0.155,0.155,30500,0.155
2007-12-20,0.15,0.16,0.115,0.16,150300,0.16
2007-12-19,0.165,0.165,0.16,0.165,183700,0.165
2007-12-18,0.165,0.165,0.165,0.165,80000,0.165
2007-12-17,0.165,0.165,0.165,0.165,5000,0.165
2007-12-14,0.175,0.175,0.17,0.17,115200,0.17
2007-12-13,0.195,0.195,0.175,0.175,70400,0.175
2007-12-12,0.19,0.19,0.19,0.19,40000,0.19
2007-12-11,0.175,0.19,0.175,0.19,396900,0.19
2007-12-10,0.195,0.195,0.195,0.195,100000,0.195
2007-12-07,0.18,0.18,0.175,0.175,35000,0.175
2007-12-06,0.18,0.18,0.18,0.18,20000,0.18
2007-12-05,0.18,0.18,0.18,0.18,000,0.18
2007-12-04,0.18,0.18,0.18,0.18,30000,0.18
2007-12-03,0.17,0.18,0.17,0.18,60000,0.18
2007-11-30,0.185,0.185,0.175,0.175,256000,0.175
2007-11-29,0.19,0.19,0.18,0.18,33500,0.18
2007-11-28,0.185,0.185,0.185,0.185,20500,0.185
2007-11-27,0.185,0.185,0.185,0.185,20000,0.185
2007-11-26,0.195,0.195,0.195,0.195,10200,0.195
2007-11-23,0.19,0.19,0.19,0.19,358000,0.19
2007-11-22,0.19,0.19,0.185,0.185,170000,0.185
2007-11-21,0.205,0.205,0.195,0.195,73000,0.195
2007-11-20,0.205,0.205,0.195,0.205,30600,0.205
2007-11-19,0.20,0.20,0.195,0.195,95000,0.195
2007-11-16,0.205,0.205,0.205,0.205,2500,0.205
2007-11-15,0.20,0.205,0.20,0.205,30800,0.205
2007-11-14,0.205,0.205,0.19,0.20,381700,0.20
2007-11-13,0.205,0.205,0.19,0.205,229700,0.205
2007-11-12,0.205,0.21,0.205,0.205,85000,0.205
2007-11-09,0.20,0.20,0.20,0.20,17000,0.20
2007-11-08,0.205,0.21,0.19,0.21,720900,0.21
2007-11-07,0.22,0.22,0.215,0.215,569800,0.215
2007-11-06,0.225,0.225,0.225,0.225,000,0.225
2007-11-05,0.21,0.225,0.21,0.225,143600,0.225
2007-11-02,0.215,0.215,0.21,0.215,272300,0.215
2007-11-01,0.22,0.22,0.22,0.22,33700,0.22
2007-10-31,0.24,0.24,0.22,0.22,210000,0.22
2007-10-30,0.255,0.255,0.22,0.22,212000,0.22
2007-10-29,0.23,0.265,0.225,0.24,1038000,0.24
2007-10-26,0.23,0.23,0.225,0.225,55100,0.225
2007-10-25,0.23,0.23,0.225,0.225,810800,0.225
2007-10-24,0.23,0.23,0.22,0.22,149200,0.22
2007-10-23,0.22,0.22,0.22,0.22,20000,0.22
2007-10-22,0.23,0.23,0.20,0.21,200000,0.21
2007-10-19,0.23,0.23,0.22,0.22,136000,0.22
2007-10-18,0.24,0.24,0.22,0.23,214700,0.23
2007-10-17,0.245,0.245,0.23,0.24,718700,0.24
2007-10-16,0.245,0.26,0.245,0.25,1477100,0.25
2007-10-15,0.24,0.25,0.24,0.245,286700,0.245
2007-10-12,0.235,0.25,0.235,0.24,1985800,0.24
2007-10-11,0.22,0.235,0.22,0.235,435600,0.235
2007-10-10,0.22,0.22,0.22,0.22,34300,0.22
2007-10-09,0.215,0.215,0.215,0.215,32000,0.215
2007-10-08,0.22,0.22,0.215,0.215,84000,0.215
2007-10-05,0.22,0.22,0.215,0.215,317500,0.215
2007-10-04,0.22,0.22,0.22,0.22,105400,0.22
2007-10-03,0.21,0.22,0.21,0.215,161100,0.215
2007-10-02,0.225,0.225,0.215,0.22,278800,0.22
2007-10-01,0.225,0.225,0.225,0.225,447800,0.225
2007-09-28,0.21,0.23,0.21,0.23,721700,0.23
2007-09-27,0.20,0.21,0.20,0.21,1343300,0.21
2007-09-26,0.195,0.20,0.195,0.20,90000,0.20
2007-09-25,0.19,0.19,0.18,0.18,200000,0.18
2007-09-24,0.18,0.19,0.18,0.19,130000,0.19
2007-09-21,0.185,0.185,0.17,0.18,99200,0.18
2007-09-20,0.19,0.195,0.19,0.195,67000,0.195
2007-09-19,0.195,0.195,0.195,0.195,107200,0.195
2007-09-18,0.20,0.20,0.20,0.20,49800,0.20
2007-09-17,0.205,0.205,0.205,0.205,45000,0.205
2007-09-14,0.215,0.215,0.205,0.205,133000,0.205
2007-09-13,0.225,0.225,0.20,0.20,180000,0.20
2007-09-12,0.195,0.22,0.195,0.205,1668200,0.205
2007-09-11,0.18,0.195,0.18,0.195,135000,0.195
2007-09-10,0.17,0.19,0.17,0.19,200000,0.19
2007-09-07,0.165,0.165,0.165,0.165,000,0.165
2007-09-06,0.17,0.175,0.165,0.165,443700,0.165
2007-09-05,0.175,0.175,0.16,0.175,263100,0.175
2007-09-04,0.17,0.175,0.17,0.175,187600,0.175
2007-09-03,0.17,0.17,0.17,0.17,72000,0.17
2007-08-31,0.175,0.175,0.17,0.17,128000,0.17
2007-08-30,0.17,0.17,0.165,0.165,325000,0.165
2007-08-29,0.165,0.17,0.16,0.165,300000,0.165
2007-08-28,0.185,0.185,0.185,0.185,26700,0.185
2007-08-27,0.185,0.19,0.17,0.19,272500,0.19
2007-08-24,0.195,0.195,0.19,0.19,40000,0.19
2007-08-23,0.20,0.205,0.20,0.205,110000,0.205
2007-08-22,0.19,0.19,0.19,0.19,11800,0.19
2007-08-21,0.19,0.19,0.19,0.19,6900,0.19
2007-08-20,0.19,0.20,0.185,0.195,384500,0.195
2007-08-17,0.19,0.20,0.19,0.19,307500,0.19
2007-08-16,0.17,0.19,0.15,0.19,86200,0.19
2007-08-15,0.20,0.205,0.15,0.17,256000,0.17
2007-08-14,0.22,0.22,0.22,0.22,000,0.22
2007-08-13,0.21,0.22,0.205,0.22,218000,0.22
2007-08-10,0.205,0.205,0.205,0.205,35000,0.205
2007-08-09,0.23,0.23,0.21,0.23,418000,0.23
2007-08-08,0.21,0.23,0.21,0.23,307100,0.23
2007-08-07,0.23,0.23,0.205,0.205,104000,0.205
2007-08-06,0.215,0.23,0.205,0.23,121100,0.23
2007-08-03,0.21,0.22,0.21,0.22,60000,0.22
2007-08-02,0.21,0.235,0.21,0.235,57600,0.235
2007-08-01,0.22,0.22,0.21,0.21,101000,0.21
2007-07-31,0.225,0.23,0.225,0.23,32200,0.23
2007-07-30,0.24,0.24,0.225,0.235,231900,0.235
2007-07-27,0.24,0.24,0.23,0.235,194000,0.235
2007-07-26,0.25,0.25,0.25,0.25,756800,0.25
2007-07-25,0.245,0.25,0.24,0.245,459000,0.245
2007-07-24,0.245,0.245,0.24,0.245,186700,0.245
2007-07-23,0.23,0.245,0.23,0.24,177000,0.24
2007-07-20,0.235,0.235,0.235,0.235,57500,0.235
2007-07-19,0.235,0.235,0.235,0.235,20000,0.235
2007-07-18,0.24,0.24,0.235,0.235,198000,0.235
2007-07-17,0.245,0.245,0.23,0.24,249500,0.24
2007-07-16,0.24,0.25,0.24,0.245,1173000,0.245
2007-07-13,0.245,0.245,0.245,0.245,59400,0.245
2007-07-12,0.24,0.245,0.24,0.245,120000,0.245
2007-07-11,0.235,0.24,0.23,0.24,42000,0.24
2007-07-10,0.245,0.245,0.245,0.245,40500,0.245
2007-07-09,0.245,0.25,0.245,0.25,16000,0.25
2007-07-06,0.255,0.255,0.25,0.25,424000,0.25
2007-07-05,0.26,0.26,0.25,0.25,365600,0.25
2007-07-04,0.245,0.265,0.24,0.26,1020600,0.26
2007-07-03,0.215,0.24,0.215,0.24,947400,0.24
2007-07-02,0.215,0.22,0.215,0.22,248000,0.22
2007-06-29,0.215,0.215,0.20,0.21,1909000,0.21
2007-06-28,0.215,0.215,0.215,0.215,240000,0.215
2007-06-27,0.21,0.22,0.21,0.22,194700,0.22
2007-06-26,0.21,0.215,0.205,0.215,1173000,0.215
2007-06-25,0.225,0.225,0.215,0.215,456000,0.215
2007-06-22,0.22,0.225,0.22,0.22,331000,0.22
2007-06-21,0.215,0.22,0.215,0.215,80000,0.215
2007-06-20,0.22,0.225,0.22,0.225,108900,0.225
2007-06-19,0.235,0.235,0.22,0.225,595400,0.225
2007-06-18,0.24,0.24,0.22,0.24,860000,0.24
2007-06-15,0.255,0.26,0.235,0.25,771500,0.25
2007-06-14,0.245,0.265,0.215,0.26,4602700,0.26
